1.593625498007968933e-01 5.173396674584323591e+02
2.390438247011954509e-01 5.306413301662707909e+02
4.780876494023909018e-01 5.211401425178147520e+02
3.187250996015940085e-01 5.135391923990498526e+02
-3.187250996015941196e-01 5.192399049881234987e+02
1.115537848605579141e+00 5.344418052256531837e+02
1.195219123505977477e+00 5.534441805225653752e+02
1.513944223107565046e+00 5.401425178147268298e+02
1.115537848605579141e+00 5.211401425178147520e+02
9.561752988047820256e-01 5.268408551068883980e+02
2.151394422310753285e+00 5.363420427553444370e+02
2.310756972111549956e+00 5.553444180522565148e+02
2.390438247011948292e+00 5.401425178147268298e+02
2.310756972111549956e+00 5.249406175771971448e+02
1.752988047808760497e+00 5.344418052256531837e+02
3.107569721115535089e+00 5.439429928741093363e+02
3.107569721115535089e+00 5.667458432304038070e+02
3.505976095617527655e+00 5.496437054631829824e+02
3.346613545816730984e+00 5.287410926365795376e+02
2.868525896414340082e+00 5.420427553444180830e+02
4.063745019920316892e+00 5.534441805225653752e+02
4.143426294820715228e+00 5.648456057007126674e+02
4.462151394422309458e+00 5.534441805225653752e+02
4.143426294820715228e+00 5.325415676959620441e+02
3.665338645418324326e+00 5.496437054631829824e+02
5.099601593625497920e+00 5.591448931116390213e+02
5.179282868525896255e+00 5.762470308788599596e+02
5.418326693227092150e+00 5.591448931116390213e+02
5.338645418326692926e+00 5.401425178147268298e+02
5.099601593625497920e+00 5.591448931116390213e+02
6.135458167330678059e+00 5.705463182897863135e+02
6.055776892430279723e+00 5.895486935866983913e+02
6.533864541832670625e+00 5.667458432304038070e+02
6.215139442231077282e+00 5.534441805225653752e+02
5.737051792828685493e+00 5.686460807600950602e+02
7.011952191235061527e+00 5.895486935866983913e+02
7.091633466135459862e+00 6.104513064133017224e+02
7.490039840637453317e+00 5.914489311163896446e+02
7.171314741035858198e+00 5.705463182897863135e+02
6.932270916334663191e+00 5.819477434679334920e+02
8.127490039840642666e+00 5.971496437054632906e+02
8.207171314741033896e+00 6.180522565320666217e+02
8.366533864541830567e+00 6.009501187648456835e+02
8.286852589641432232e+00 5.819477434679334920e+02
7.888446215139444995e+00 5.952494061757720374e+02
9.003984063745019029e+00 6.066508313539193296e+02
9.083665338645417364e+00 6.275534441805226606e+02
9.482071713147410819e+00 6.066508313539193296e+02
9.163346613545815700e+00 5.857482185273159985e+02
8.924302788844620693e+00 5.990498812351544302e+02
1.011952191235059750e+01 6.180522565320666217e+02
1.011952191235059750e+01 6.332541567695963067e+02
1.043824701195219262e+01 6.123515439429929756e+02
1.019920318725099584e+01 5.952494061757720374e+02
9.880478087649402497e+00 6.123515439429929756e+02
1.115537848605577942e+01 6.332541567695963067e+02
1.107569721115538108e+01 6.522565320665083846e+02
1.147410358565737276e+01 6.332541567695963067e+02
1.123505976095617775e+01 6.123515439429929756e+02
1.083665338645418430e+01 6.294536817102139139e+02
1.211155378486056122e+01 6.484560570071259917e+02
1.211155378486056122e+01 6.655581947743469300e+02
1.243027888446215456e+01 6.503562945368172450e+02
1.227091633466135789e+01 6.294536817102139139e+02
1.187250996015936444e+01 6.446555819477435989e+02
1.306772908366534303e+01 6.617577197149645372e+02
1.322709163346613970e+01 6.807600950118766150e+02
1.354581673306773482e+01 6.636579572446556767e+02
1.330677290836653803e+01 6.427553444180523456e+02
1.298804780876494469e+01 6.617577197149645372e+02
1.410358565737052317e+01 6.807600950118766150e+02
1.418326693227092150e+01 6.940617577197150467e+02
1.450199203187251662e+01 6.788598574821853617e+02
1.434262948207171817e+01 6.674584323040380696e+02
1.386454183266932816e+01 6.788598574821853617e+02
1.513944223107569620e+01 7.054631828978621115e+02
1.513944223107569620e+01 7.225653206650829361e+02
1.553784860557769143e+01 7.073634204275532511e+02
1.529880478087649287e+01 6.864608076009502611e+02
1.490039840637450830e+01 7.016627078384796050e+02
1.625498007968128178e+01 7.263657957244654426e+02
1.617529880478088344e+01 7.415676959619951276e+02
1.649402390438247679e+01 7.263657957244654426e+02
1.617529880478088344e+01 7.035629453681708583e+02
1.593625498007969021e+01 7.206650831353917965e+02
1.721115537848606181e+01 7.491686460807599133e+02
1.721115537848606181e+01 7.605700712589072054e+02
1.776892430278885371e+01 7.510688836104511665e+02
1.721115537848606181e+01 7.282660332541565822e+02
1.681274900398407013e+01 7.491686460807599133e+02
1.824701195219124372e+01 7.833729216152017898e+02
1.816733067729084539e+01 7.966745843230403352e+02
1.848605577689242807e+01 7.814726840855105365e+02
1.808764940239044705e+01 7.662707838479808515e+02
1.768924302788845537e+01 7.776722090261281437e+02
1.920318725099601309e+01 7.966745843230403352e+02
1.912350597609561476e+01 8.118764845605700202e+02
1.952191235059760643e+01 7.966745843230403352e+02
1.920318725099601309e+01 7.776722090261281437e+02
1.864541832669322474e+01 7.890736342042754359e+02
2.015936254980079667e+01 8.175771971496436663e+02
2.023904382470119501e+01 8.327790973871733513e+02
2.047808764940239001e+01 8.194774346793348059e+02
2.039840637450199168e+01 8.023752969121138676e+02
2.007968127490039834e+01 8.156769596199524130e+02
2.111553784860557670e+01 8.175771971496436663e+02
2.119521912350597503e+01 8.308788598574820981e+02
2.159362549800797026e+01 8.175771971496436663e+02
2.119521912350597503e+01 8.004750593824227280e+02
2.095617529880478003e+01 8.156769596199524130e+02
