1.593625498007968933e-01 5.192399049881234987e+02
1.593625498007968933e-01 5.306413301662707909e+02
5.577689243027894594e-01 5.230403800475060052e+02
3.187250996015940085e-01 5.097387173396674598e+02
-3.984063745019925662e-01 5.173396674584323591e+02
1.274900398406376256e+00 5.306413301662707909e+02
1.274900398406376256e+00 5.401425178147268298e+02
1.673306772908362161e+00 5.287410926365795376e+02
1.274900398406376256e+00 5.116389548693586562e+02
9.561752988047820256e-01 5.211401425178147520e+02
2.231075697211151621e+00 5.268408551068883980e+02
2.231075697211151621e+00 5.420427553444180830e+02
2.470119521912347516e+00 5.287410926365795376e+02
2.231075697211151621e+00 5.116389548693586562e+02
1.752988047808760497e+00 5.249406175771971448e+02
3.187250996015933424e+00 5.154394299287411059e+02
3.266932270916331760e+00 5.306413301662707909e+02
3.665338645418324326e+00 5.230403800475060052e+02
3.505976095617527655e+00 5.097387173396674598e+02
2.948207171314738417e+00 5.173396674584323591e+02
3.984063745019918557e+00 5.078384798099762634e+02
4.223107569721114452e+00 5.230403800475060052e+02
4.302788844621512787e+00 5.135391923990498526e+02
4.462151394422309458e+00 5.040380047505938137e+02
4.063745019920316892e+00 5.059382422802850101e+02
5.179282868525896255e+00 5.021377672209026173e+02
5.099601593625497920e+00 5.135391923990498526e+02
5.418326693227092150e+00 5.021377672209026173e+02
5.338645418326692926e+00 4.888361045130640719e+02
4.780876494023903689e+00 4.983372921615201676e+02
5.976095617529881387e+00 4.869358669833728186e+02
6.135458167330678059e+00 5.040380047505938137e+02
6.374501992031873954e+00 4.926365795724464647e+02
6.215139442231077282e+00 4.793349168646079761e+02
5.737051792828685493e+00 4.869358669833728186e+02
7.091633466135459862e+00 4.888361045130640719e+02
7.171314741035858198e+00 5.040380047505938137e+02
7.410358565737054981e+00 4.907363420427552683e+02
7.171314741035858198e+00 4.717339667458431336e+02
6.932270916334663191e+00 4.850356294536816222e+02
8.207171314741033896e+00 4.869358669833728186e+02
8.127490039840642666e+00 4.983372921615201676e+02
8.525896414342627239e+00 4.869358669833728186e+02
8.366533864541830567e+00 4.793349168646079761e+02
7.808764940239046659e+00 4.888361045130640719e+02
9.003984063745019029e+00 4.926365795724464647e+02
9.003984063745019029e+00 5.078384798099762634e+02
9.243027888446214035e+00 4.964370546318289144e+02
9.163346613545815700e+00 4.869358669833728186e+02
8.685258964143425686e+00 4.907363420427552683e+02
1.003984063745019917e+01 5.078384798099762634e+02
1.011952191235059750e+01 5.211401425178147520e+02
1.043824701195219262e+01 5.078384798099762634e+02
1.019920318725099584e+01 4.983372921615201676e+02
9.800796812749004161e+00 5.040380047505938137e+02
1.115537848605577942e+01 5.287410926365795376e+02
1.123505976095617775e+01 5.420427553444180830e+02
1.131474103585657609e+01 5.363420427553444370e+02
1.123505976095617775e+01 5.173396674584323591e+02
1.083665338645418430e+01 5.287410926365795376e+02
1.219123505976095956e+01 5.401425178147268298e+02
1.219123505976095956e+01 5.515439429928741220e+02
1.250996015936255290e+01 5.420427553444180830e+02
1.211155378486056122e+01 5.287410926365795376e+02
1.187250996015936444e+01 5.363420427553444370e+02
1.322709163346613970e+01 5.553444180522565148e+02
1.322709163346613970e+01 5.743467933491687063e+02
1.346613545816733470e+01 5.629453681710214141e+02
1.314741035856574136e+01 5.439429928741093363e+02
1.274900398406374968e+01 5.553444180522565148e+02
1.402390438247012483e+01 5.686460807600950602e+02
1.418326693227092150e+01 5.895486935866983913e+02
1.450199203187251662e+01 5.743467933491687063e+02
1.426294820717131984e+01 5.591448931116390213e+02
1.386454183266932816e+01 5.686460807600950602e+02
1.505976095617529786e+01 5.971496437054632906e+02
1.521912350597609453e+01 6.104513064133017224e+02
1.561752988047808977e+01 5.990498812351544302e+02
1.521912350597609453e+01 5.819477434679334920e+02
1.482071713147410996e+01 5.895486935866983913e+02
1.617529880478088344e+01 6.237529691211402678e+02
1.617529880478088344e+01 6.351543942992875600e+02
1.633466135458168011e+01 6.218527315914490146e+02
1.609561752988048511e+01 6.066508313539193296e+02
1.593625498007969021e+01 6.142517814726841152e+02
1.737051792828686203e+01 6.484560570071259917e+02
1.721115537848606181e+01 6.712589073634205761e+02
1.745019920318726037e+01 6.465558194774347385e+02
1.729083665338646369e+01 6.294536817102139139e+02
1.697211155378486680e+01 6.427553444180523456e+02
1.808764940239044705e+01 6.902612826603326539e+02
1.816733067729084539e+01 7.130641330166268972e+02
1.848605577689242807e+01 6.940617577197150467e+02
1.824701195219124372e+01 6.750593824228029689e+02
1.792828685258965038e+01 6.845605700712590078e+02
1.920318725099601309e+01 7.225653206650829361e+02
1.920318725099601309e+01 7.396674584323038744e+02
1.960159362549800477e+01 7.206650831353917965e+02
1.928286852589641143e+01 7.016627078384796050e+02
1.880478087649402141e+01 7.187648456057005433e+02
2.023904382470119501e+01 7.510688836104511665e+02
2.015936254980079667e+01 7.700712589073633580e+02
2.047808764940239001e+01 7.529691211401424198e+02
2.031872509960159334e+01 7.320665083135390887e+02
1.968127490039840310e+01 7.434679334916863809e+02
2.119521912350597503e+01 7.795724465558193970e+02
2.135458167330677171e+01 7.966745843230403352e+02
2.143426294820717004e+01 7.814726840855105365e+02
2.127490039840637337e+01 7.586698337292160659e+02
2.087649402390438169e+01 7.738717339667457509e+02
