1.627478029046613983e-01 5.168383071487633060e+02
3.227056434738140300e-01 5.320980230023303648e+02
5.573724754715823071e-01 5.225287529128765982e+02
1.608878280143224426e-01 5.053822446064797305e+02
-7.315901235333288621e-02 5.187702022100277190e+02
1.269122866841299935e+00 5.415545365706982466e+02
1.270672845916582361e+00 5.511012553559346543e+02
1.425980749259887492e+00 5.377208148537922625e+02
1.267262891950960757e+00 5.300984740284145573e+02
1.190693925632005712e+00 5.434713974291512386e+02
2.057752220345022032e+00 5.491167405848304952e+02
2.060232186865473825e+00 5.643914906412087475e+02
2.373327960072536325e+00 5.529053596933022163e+02
2.213990111133496530e+00 5.414643313538299481e+02
1.979323279135728697e+00 5.510336014432834872e+02
3.241626238045784980e+00 5.661880778771705991e+02
3.164747275911772739e+00 5.776516575208599988e+02
3.477843049118835239e+00 5.661655265729534676e+02
3.318505200179796333e+00 5.547244982334811993e+02
2.926360494133326551e+00 5.643088025257459321e+02
4.268022381697846868e+00 5.832744493723221240e+02
4.191763411193948130e+00 5.985567165301060868e+02
4.347691306167367209e+00 5.889949635420582581e+02
4.108994528573863825e+00 5.737427647898969099e+02
3.953066633600445634e+00 5.833045177779447386e+02
5.215369592510501917e+00 5.984589942118318504e+02
5.217849559030954154e+00 6.137337442682101027e+02
5.451896399398609816e+00 6.003457866646620005e+02
5.292558550459570021e+00 5.889047583251897322e+02
4.900723840228157435e+00 6.003984063745019739e+02
6.005548925089513546e+00 6.155679170112005067e+02
6.166126757288778570e+00 6.346463203788619012e+02
6.321744656447140898e+00 6.231752236337667910e+02
6.161166824247874985e+00 6.040968202661053965e+02
5.770572097276688517e+00 6.232278433436067644e+02
7.110064014135812904e+00 6.288280838908517580e+02
7.112233984841206613e+00 6.421934901901827288e+02
7.425329758048270001e+00 6.307073592422761976e+02
7.266611900739344598e+00 6.230850184168984924e+02
6.873847203062761757e+00 6.288506351950686621e+02
8.136460157787873015e+00 6.459144553860032829e+02
8.139250120123382004e+00 6.630985491994288168e+02
8.530774834539730733e+00 6.496955573930692935e+02
8.371436985600691827e+00 6.382545290535970253e+02
7.742455476851067608e+00 6.440426971359843265e+02
9.084427360230638016e+00 6.649176877396075724e+02
9.243455213354618394e+00 6.744493723220325592e+02
9.478432041167444311e+00 6.667894459896265289e+02
9.240045259388995902e+00 6.534465909945124622e+02
8.768851620503120614e+00 6.611290686311358513e+02
1.003301455430351652e+01 6.877396076073066524e+02
1.003456453337880205e+01 6.972863263925428328e+02
1.034735031077080336e+01 6.838908516875892474e+02
1.018863245346187796e+01 6.762685108622115422e+02
9.874296696994591116e+00 6.801172667819289472e+02
1.113876962661004200e+01 7.086371495151465751e+02
1.106127067284591803e+01 7.162820416447414118e+02
1.137436644605297786e+01 7.047959106968348806e+02
1.113597966427453301e+01 6.914530557017214960e+02
1.082288389106747317e+01 7.029391866496275725e+02
1.208611683742269705e+01 7.238216943546565290e+02
1.200923787528868658e+01 7.352852739983459287e+02
1.240138258133515592e+01 7.257009697060811959e+02
1.224173473658105848e+01 7.123505976095614187e+02
1.192832896755894012e+01 7.219273848004206684e+02
1.311251298107476160e+01 7.409080658498080538e+02
1.311406296015004358e+01 7.504547846350444615e+02
1.326999085512345999e+01 7.408930316469968602e+02
1.311034301036936611e+01 7.275426595504770830e+02
1.287536618255654020e+01 7.352025858828833407e+02
1.413890912472681904e+01 7.579944373449595787e+02
1.414076909961715955e+01 7.694504998872432679e+02
1.445355487700916441e+01 7.560550251822894552e+02
1.421578808686083306e+01 7.465308577012701789e+02
1.382395337662941870e+01 7.580245057505824207e+02
1.516530526837888004e+01 7.750808088401108762e+02
1.516716524326921700e+01 7.865368713823947928e+02
1.540183207526698439e+01 7.769676012929410263e+02
1.508470635646418856e+01 7.636322633992328974e+02
1.492815846986066219e+01 7.693753288731861630e+02
1.603422353798224620e+01 7.921822145380738220e+02
1.619356138692128511e+01 8.036232428775463177e+02
1.642791822310399752e+01 7.921446290310454970e+02
1.626889036998001359e+01 7.826129444486205102e+02
1.587581567648837932e+01 7.864692174697436258e+02
1.729652649689230159e+01 8.073366909719611613e+02
1.722026752638840463e+01 8.226189581297448967e+02
1.737495543810159404e+01 8.054198301135079419e+02
1.721437760590233168e+01 7.863414267458467748e+02
1.690159182851032682e+01 7.997369014508003602e+02
1.808546584621108622e+01 8.168082387431404641e+02
1.809011578343693571e+01 8.454483950988496872e+02
1.832261264472930762e+01 8.225137187100651772e+02
1.824108374536944766e+01 8.053371419980453538e+02
1.784986902676815035e+01 8.206494775614521586e+02
1.911403196056853560e+01 8.472600165376229597e+02
1.935427871723731741e+01 8.720589340750204883e+02
1.934993877582652644e+01 8.453281214763585467e+02
1.918936094362726053e+01 8.262497181086971523e+02
1.895562409907466161e+01 8.415470194692925361e+02
2.006044918393601861e+01 8.567165301059908415e+02
2.006416913371669963e+01 8.796286551905582201e+02
2.021823705379977909e+01 8.586108396602269295e+02
2.005734922578545465e+01 8.376230925355180261e+02
1.990297130988732022e+01 8.567315643088024899e+02
2.116496427298231708e+01 8.699766969856420928e+02
2.109025528155370566e+01 8.948056829286624634e+02
2.147992002107971743e+01 8.699466285800192509e+02
2.108281538199234717e+01 8.489814327595277064e+02
2.085000852488491319e+01 8.700067653912649348e+02
