3.036649214659687068e+00 2.442678774120317655e+02
3.193717277486912032e+00 2.524404086265606963e+02
3.324607329842935055e+00 2.551645856980703684e+02
3.691099476439793747e+00 2.633371169125992992e+02
4.136125654450263589e+00 2.715096481271282300e+02
4.633507853403142640e+00 2.810442678774120395e+02
4.869109947643980973e+00 2.837684449489216831e+02
5.471204188481678443e+00 3.035187287173666277e+02
5.628272251308903407e+00 3.123723041997729979e+02
5.916230366492148285e+00 3.300794551645857382e+02
6.335078534031416631e+00 3.382519863791146690e+02
6.753926701570681423e+00 3.491486946651532435e+02
7.172774869109949769e+00 3.566401816118047918e+02
7.617801047120419611e+00 3.736662883087400360e+02
8.089005235602096278e+00 3.927355278093076549e+02
8.664921465968586034e+00 4.083995459704881341e+02
9.083769633507854380e+00 4.227014755959137347e+02
9.476439790575915012e+00 4.363223609534619527e+02
1.015706806282722319e+01 4.567536889897843366e+02
1.057591623036649153e+01 4.703745743473326684e+02
1.083769633507853669e+01 4.771850170261067206e+02
1.138743455497381873e+01 4.976163450624291045e+02
1.157068062827224963e+01 5.044267877412031567e+02
1.201570680628272569e+01 5.180476730987514884e+02
1.264397905759162555e+01 5.323496027241770889e+02
1.303664921465968618e+01 5.425652667423382809e+02
1.342931937172775037e+01 5.527809307604994729e+02
1.387434554973821932e+01 5.779795686719637615e+02
1.439790575916230253e+01 5.902383654937571009e+02
1.526178010471204516e+01 6.072644721906924588e+02
1.589005235602094501e+01 6.161180476730987721e+02
1.649214659685864248e+01 6.304199772985244863e+02
1.698952879581151976e+01 6.413166855845630607e+02
1.780104712041885051e+01 6.549375709421113925e+02
1.798429319371727786e+01 6.562996594778661574e+02
1.832460732984293017e+01 6.685584562996594968e+02
1.895287958115183358e+01 6.814982973893304461e+02
1.965968586387434414e+01 6.937570942111237855e+02
2.026178010471204161e+01 7.019296254256527163e+02
2.083769633507852959e+01 7.141884222474461694e+02
2.138743455497381873e+01 7.278093076049943875e+02
2.243455497382198516e+01 7.468785471055620064e+02
2.311518324607329333e+01 7.557321225879682061e+02
2.413612565445026092e+01 7.713961407491487989e+02
2.513089005235601903e+01 7.795686719636777298e+02
2.604712041884816642e+01 7.911464245175938004e+02
