3.996655518394647721e+00 2.728346456692913762e+02
3.996655518394647721e+00 2.826771653543306684e+02
4.364548494983276683e+00 2.698818897637795544e+02
4.063545150501671088e+00 2.620078740157480297e+02
3.695652173913042127e+00 2.698818897637795544e+02
4.966555183946487873e+00 2.698818897637795544e+02
4.933110367892976633e+00 2.787401574803149060e+02
5.301003344481602930e+00 2.679133858267716732e+02
5.033444816053508575e+00 2.600393700787401485e+02
4.665551839464882278e+00 2.688976377952756138e+02
5.969899665551837487e+00 2.944881889763779554e+02
6.036789297658861742e+00 3.053149606299211882e+02
6.371237458193978576e+00 2.935039370078740149e+02
6.036789297658861742e+00 2.856299212598424901e+02
5.702341137123744019e+00 2.935039370078740149e+02
7.040133779264214020e+00 3.181102362204724159e+02
7.040133779264214020e+00 3.269685039370078812e+02
7.374581939799330854e+00 3.171259842519684753e+02
7.040133779264214020e+00 3.062992125984251288e+02
6.638795986622072931e+00 3.151574803149605941e+02
7.976588628762539379e+00 3.220472440944881782e+02
7.976588628762539379e+00 3.299212598425197029e+02
8.311036789297656213e+00 3.200787401574802971e+02
8.043478260869562746e+00 3.092519685039369506e+02
7.675585284280936449e+00 3.190944881889763565e+02
8.946488294314381307e+00 3.259842519685039406e+02
8.979933110367891658e+00 3.348425196850394059e+02
9.314381270903009380e+00 3.279527559055118218e+02
9.013377926421403785e+00 3.161417322834645347e+02
8.645484949832773935e+00 3.259842519685039406e+02
9.949832775919732697e+00 3.309055118110236435e+02
9.983277591973244824e+00 3.387795275590550546e+02
1.035117056856187290e+01 3.299212598425197029e+02
9.949832775919732697e+00 3.190944881889763565e+02
9.615384615384614975e+00 3.299212598425197029e+02
1.098662207357859444e+01 3.407480314960629357e+02
1.102006688963210834e+01 3.496062992125984010e+02
1.142140468227425032e+01 3.417322834645668763e+02
1.102006688963210834e+01 3.289370078740157624e+02
1.071906354515050275e+01 3.377952755905512277e+02
1.198996655518394938e+01 3.535433070866141634e+02
1.202341137123746151e+01 3.614173228346456881e+02
1.235785953177257213e+01 3.525590551181102228e+02
1.205685618729097186e+01 3.417322834645668763e+02
1.168896321070234379e+01 3.505905511811023416e+02
1.302675585284280757e+01 3.742125984251968021e+02
1.302675585284280757e+01 3.820866141732283268e+02
1.332775919732441317e+01 3.742125984251968021e+02
1.306020066889631970e+01 3.643700787401573962e+02
1.262541806020066737e+01 3.732283464566928615e+02
1.396321070234113648e+01 3.968503937007874356e+02
1.399665551839464861e+01 4.057086614173228440e+02
1.433110367892976633e+01 3.988188976377953168e+02
1.403010033444816074e+01 3.870078740157480297e+02
1.366220735785953089e+01 3.958661417322834950e+02
1.496655518394648965e+01 4.263779527559055396e+02
1.503344481605351213e+01 4.342519685039369506e+02
1.536789297658862985e+01 4.263779527559055396e+02
1.500000000000000000e+01 4.165354330708661905e+02
1.473244147157190653e+01 4.234251968503937178e+02
1.596989966555184104e+01 4.549212598425197029e+02
1.600334448160535317e+01 4.618110236220472871e+02
1.643812709030100550e+01 4.549212598425197029e+02
1.603678929765886352e+01 4.440944881889763565e+02
1.570234113712374757e+01 4.500000000000000000e+02
1.693979933110368208e+01 4.824803149606299826e+02
1.693979933110368208e+01 4.952755905511812102e+02
1.724080267558528590e+01 4.824803149606299826e+02
1.697324414715719598e+01 4.726377952755906335e+02
1.660535117056856436e+01 4.805118110236221014e+02
1.797658862876254204e+01 5.159448818897637921e+02
1.801003344481605239e+01 5.316929133858268415e+02
1.831103678929765977e+01 5.179133858267716732e+02
1.801003344481605239e+01 5.051181102362205593e+02
1.767558528428094178e+01 5.159448818897637921e+02
1.897993311036789166e+01 5.346456692913386632e+02
1.901337792642140556e+01 5.444881889763780691e+02
1.931438127090300938e+01 5.336614173228347227e+02
1.908026755852842982e+01 5.218503937007874356e+02
1.867892976588628784e+01 5.316929133858268415e+02
1.991638795986622057e+01 5.612204724409448318e+02
1.998327759197324482e+01 5.720472440944881782e+02
2.035117056856187290e+01 5.622047244094487723e+02
1.998327759197324482e+01 5.503937007874017127e+02
1.968227424749164101e+01 5.592519685039369506e+02
2.095317725752508409e+01 5.868110236220472871e+02
2.102006688963210834e+01 5.986220472440944604e+02
2.135451505016722606e+01 5.877952755905512277e+02
2.098662207357859799e+01 5.740157480314960594e+02
2.068561872909699062e+01 5.838582677165354653e+02
2.192307692307692690e+01 6.104330708661417475e+02
2.195652173913043725e+01 6.212598425196850940e+02
2.229096989966555498e+01 6.104330708661417475e+02
2.192307692307692690e+01 5.986220472440944604e+02
2.162207357859531953e+01 6.064960629921259851e+02
2.299331103678930077e+01 6.340551181102362079e+02
2.299331103678930077e+01 6.458661417322834950e+02
2.332775919732441849e+01 6.340551181102362079e+02
2.302675585284281468e+01 6.222440944881890346e+02
2.265886287625418305e+01 6.311023622047243862e+02
2.396321070234113648e+01 6.596456692913386632e+02
2.396321070234113648e+01 6.714566929133858366e+02
2.433110367892976811e+01 6.576771653543307821e+02
2.399665551839465039e+01 6.448818897637795544e+02
2.362876254180601876e+01 6.586614173228347227e+02
2.496655518394648965e+01 6.832677165354331237e+02
2.503344481605351390e+01 6.990157480314961731e+02
2.530100334448160737e+01 6.812992125984252425e+02
2.500000000000000000e+01 6.675196850393700743e+02
2.463210702341137193e+01 6.812992125984252425e+02
