3.043202033036849219e+00 2.439664218258131996e+02
3.144853875476492089e+00 2.454354669464847802e+02
3.551461245235070230e+00 2.557187827911857312e+02
4.237611181702668262e+00 2.674711437565582060e+02
4.771283354510801544e+00 2.806925498426023182e+02
5.177890724269376577e+00 2.887722980062958982e+02
5.838627700127062781e+00 3.012591815320041633e+02
6.041931385006352073e+00 3.108079748163693239e+02
6.880559085133416630e+00 3.203567681007344845e+02
7.566709021601015550e+00 3.365162644281217013e+02
8.100381194409147056e+00 3.570828961175236032e+02
8.811944091486660469e+00 3.754459601259181341e+02
9.523506988564164999e+00 3.916054564533053508e+02
1.015883100381194382e+01 4.018887722980063018e+02
1.048919949174078958e+01 4.202518363064008327e+02
1.104828462515883025e+01 4.430220356768100487e+02
1.140406607369758518e+01 4.584470094438614751e+02
1.188691232528589481e+01 4.716684155299055305e+02
1.259847522236340467e+01 4.900314795383000614e+02
1.315756035578144711e+01 5.039874081846800209e+02
1.381829733163913332e+01 5.216159496327387615e+02
1.399618805590851167e+01 5.289611752360965511e+02
1.468233799237611237e+01 5.509968520461700336e+02
1.539390088945362223e+01 5.686253934942287742e+02
1.595298602287166290e+01 5.781741867785939348e+02
1.641041931385006691e+01 5.899265477439664664e+02
1.681702668360864195e+01 6.053515215110179497e+02
1.737611181702668262e+01 6.207764952780692056e+02
1.801143583227446143e+01 6.376705141657922695e+02
1.854510800508259649e+01 6.501573976915004778e+02
1.907878017789072800e+01 6.611752360965372191e+02
1.971410419313849971e+01 6.743966421825813313e+02
2.052731893265565688e+01 6.839454354669464919e+02
2.116264294790342859e+01 7.001049317943336519e+02
2.169631512071156010e+01 7.089192025183631358e+02
2.299237611181702690e+01 7.228751311647429247e+02
2.378017789072426780e+01 7.353620146904512467e+02
2.400889453621346803e+01 7.463798530954878743e+02
2.464421855146124685e+01 7.537250786988456639e+02
2.525412960609910940e+01 7.610703043022035672e+02
2.576238881829733529e+01 7.706190975865687278e+02
2.588945362134688821e+01 7.720881427072403085e+02
2.596569250317661925e+01 7.742917103882475658e+02
