7.968127490039855765e-02 5.059382422802850101e+02
7.968127490039855765e-02 5.211401425178147520e+02
4.780876494023909018e-01 5.097387173396674598e+02
3.187250996015940085e-01 4.907363420427552683e+02
-2.390438247011955619e-01 5.040380047505938137e+02
9.561752988047820256e-01 5.116389548693586562e+02
1.274900398406376256e+00 5.287410926365795376e+02
1.593625498007963825e+00 5.154394299287411059e+02
1.195219123505977477e+00 4.945368171021376611e+02
7.171314741035865747e-01 5.078384798099762634e+02
2.231075697211151621e+00 5.002375296912114209e+02
2.310756972111549956e+00 5.116389548693586562e+02
2.549800796812745851e+00 5.002375296912114209e+02
2.231075697211151621e+00 4.831353919239904258e+02
1.832669322709159276e+00 4.964370546318289144e+02
3.107569721115535089e+00 4.869358669833728186e+02
3.187250996015933424e+00 4.983372921615201676e+02
3.505976095617527655e+00 4.850356294536816222e+02
3.266932270916331760e+00 4.717339667458431336e+02
2.788844621513940858e+00 4.812351543942991725e+02
4.143426294820715228e+00 4.717339667458431336e+02
4.223107569721114452e+00 4.869358669833728186e+02
4.780876494023903689e+00 4.698337292161519372e+02
4.382470119521911123e+00 4.584323040380046450e+02
3.745019920318723550e+00 4.698337292161519372e+02
5.099601593625497920e+00 4.565320665083134486e+02
5.179282868525896255e+00 4.736342042755343300e+02
5.498007968127490486e+00 4.622327790973870378e+02
5.338645418326692926e+00 4.375296912114014276e+02
4.940239043824700360e+00 4.508313539192399162e+02
6.294820717131475618e+00 4.394299287410926809e+02
6.294820717131475618e+00 4.584323040380046450e+02
6.454183266932272289e+00 4.413301662707838773e+02
6.215139442231077282e+00 4.242280285035629390e+02
5.896414342629483052e+00 4.470308788598575234e+02
7.250996015936258310e+00 4.337292161520190348e+02
7.330677290836656645e+00 4.489311163895487198e+02
7.569721115537851652e+00 4.356294536817102312e+02
7.330677290836656645e+00 4.166270783847980965e+02
6.852589641434264855e+00 4.337292161520190348e+02
8.127490039840642666e+00 4.204275534441805462e+02
8.127490039840642666e+00 4.375296912114014276e+02
8.446215139442228903e+00 4.204275534441805462e+02
8.366533864541830567e+00 4.014251781472684115e+02
8.047808764940242554e+00 4.147268408551069001e+02
9.163346613545815700e+00 4.033254156769596079e+02
9.243027888446214035e+00 4.223277909738717426e+02
9.402390438247010707e+00 4.071258907363420576e+02
9.402390438247010707e+00 3.843230403800474733e+02
9.003984063745019029e+00 4.014251781472684115e+02
1.019920318725099584e+01 3.976247030878859618e+02
1.019920318725099584e+01 4.147268408551069001e+02
1.051792828685259096e+01 3.957244655581947654e+02
1.011952191235059750e+01 3.729216152019002379e+02
9.880478087649402497e+00 3.919239904988123726e+02
1.131474103585657609e+01 3.843230403800474733e+02
1.139442231075697443e+01 4.033254156769596079e+02
1.147410358565737276e+01 3.824228028503562768e+02
1.123505976095617775e+01 3.615201900237529458e+02
1.091633466135458264e+01 3.805225653206650804e+02
1.211155378486056122e+01 3.729216152019002379e+02
1.227091633466135789e+01 3.957244655581947654e+02
1.243027888446215456e+01 3.748218527315914343e+02
1.219123505976095956e+01 3.539192399049881033e+02
1.163346613545816943e+01 3.672209026128265918e+02
1.322709163346613970e+01 3.615201900237529458e+02
1.322709163346613970e+01 3.767220902612826308e+02
1.354581673306773482e+01 3.634204275534441422e+02
1.322709163346613970e+01 3.387173396674583614e+02
1.274900398406374968e+01 3.577197149643704961e+02
1.418326693227092150e+01 3.444180522565320075e+02
1.426294820717131984e+01 3.653206650831353954e+02
1.442231075697211828e+01 3.501187648456056536e+02
1.426294820717131984e+01 3.292161520190023225e+02
1.386454183266932816e+01 3.444180522565320075e+02
1.529880478087649287e+01 3.368171021377671650e+02
1.537848605577689476e+01 3.520190023752968500e+02
1.569721115537849521e+01 3.387173396674583614e+02
1.529880478087649287e+01 3.197149643705462836e+02
1.482071713147410996e+01 3.349168646080759686e+02
1.617529880478088344e+01 3.235154394299286764e+02
1.617529880478088344e+01 3.463182897862232608e+02
1.641434262948207845e+01 3.292161520190023225e+02
1.625498007968128178e+01 3.102137767220901878e+02
1.601593625498008677e+01 3.273159144893111261e+02
1.729083665338646369e+01 3.140142517814726375e+02
1.745019920318726037e+01 3.330166270783847722e+02
1.752988047808765870e+01 3.159144893111638339e+02
1.713147410358566347e+01 3.007125890736341489e+02
1.689243027888446846e+01 3.102137767220901878e+02
1.832669322709164206e+01 3.102137767220901878e+02
1.832669322709164206e+01 3.330166270783847722e+02
1.840637450199204039e+01 3.140142517814726375e+02
1.808764940239044705e+01 2.950118764845605028e+02
1.784860557768925204e+01 3.045130641330165417e+02
1.920318725099601309e+01 2.988123515439428957e+02
1.928286852589641143e+01 3.197149643705462836e+02
1.968127490039840310e+01 3.064133016627077950e+02
1.928286852589641143e+01 2.893111638954868567e+02
1.880478087649402141e+01 2.969121140142516992e+02
2.023904382470119501e+01 2.893111638954868567e+02
2.047808764940239001e+01 3.121140142517813842e+02
2.063745019920318668e+01 3.007125890736341489e+02
2.039840637450199168e+01 2.779097387173395646e+02
1.976095617529880144e+01 2.912114014251780532e+02
2.103585657370517836e+01 2.874109263657956603e+02
2.119521912350597503e+01 3.064133016627077950e+02
2.151394422310756838e+01 2.874109263657956603e+02
2.143426294820717004e+01 2.703087885985747221e+02
2.079681274900398336e+01 2.855106888361044071e+02
