1.593625498007970043e-01 5.673076923076923777e+02
1.593625498007970043e-01 5.730769230769230944e+02
3.984063745019924552e-01 5.673076923076923777e+02
1.593625498007970043e-01 5.596153846153846416e+02
-1.593625498007971153e-01 5.711538461538461888e+02
1.195219123505977254e+00 5.519230769230769056e+02
1.115537848605578919e+00 5.596153846153846416e+02
1.513944223107571485e+00 5.500000000000000000e+02
1.274900398406376034e+00 5.423076923076922640e+02
9.561752988047821367e-01 5.461538461538461888e+02
2.071713147410354505e+00 5.615384615384615472e+02
2.151394422310753285e+00 5.692307692307692832e+02
2.390438247011948736e+00 5.634615384615384528e+02
2.151394422310753285e+00 5.576923076923077360e+02
1.992031872509956170e+00 5.576923076923077360e+02
3.027888446215136753e+00 5.769230769230769056e+02
3.107569721115535533e+00 5.865384615384615472e+02
3.426294820717128875e+00 5.750000000000000000e+02
3.187250996015933868e+00 5.653846153846153584e+02
2.709163346613542522e+00 5.730769230769230944e+02
4.223107569721114452e+00 5.923076923076923777e+02
4.143426294820716116e+00 6.019230769230770193e+02
4.462151394422310346e+00 5.942307692307692832e+02
4.223107569721114452e+00 5.769230769230769056e+02
3.904382470119520665e+00 5.884615384615384528e+02
5.099601593625497920e+00 6.019230769230770193e+02
5.099601593625497920e+00 6.096153846153846416e+02
5.498007968127490486e+00 6.038461538461539249e+02
5.179282868525897143e+00 5.942307692307692832e+02
4.780876494023904577e+00 6.038461538461539249e+02
6.055776892430280611e+00 6.134615384615385665e+02
6.055776892430280611e+00 6.250000000000001137e+02
6.454183266932273177e+00 6.153846153846154721e+02
6.294820717131475618e+00 6.076923076923077360e+02
6.055776892430280611e+00 6.134615384615385665e+02
7.250996015936257422e+00 6.307692307692308304e+02
7.250996015936257422e+00 6.403846153846154721e+02
7.330677290836655757e+00 6.269230769230770193e+02
7.171314741035859086e+00 6.192307692307692832e+02
7.011952191235062415e+00 6.307692307692308304e+02
8.127490039840640890e+00 6.423076923076923777e+02
8.127490039840640890e+00 6.538461538461539249e+02
8.525896414342627239e+00 6.423076923076923777e+02
8.286852589641439337e+00 6.365384615384616609e+02
7.808764940239047547e+00 6.423076923076923777e+02
9.163346613545815700e+00 6.596153846153847553e+02
9.243027888446214035e+00 6.673076923076923777e+02
9.561752988047807378e+00 6.615384615384616609e+02
9.402390438247010707e+00 6.538461538461539249e+02
9.163346613545815700e+00 6.576923076923077360e+02
1.019920318725099584e+01 6.750000000000001137e+02
1.019920318725099584e+01 6.865384615384613198e+02
1.051792828685259096e+01 6.730769230769232081e+02
1.027888446215139417e+01 6.653846153846154721e+02
9.960159362549800832e+00 6.769230769230770193e+02
1.115537848605577764e+01 6.942307692307690559e+02
1.107569721115537931e+01 7.076923076923075087e+02
1.147410358565737276e+01 6.999999999999997726e+02
1.115537848605577764e+01 6.865384615384613198e+02
1.099601593625498097e+01 6.961538461538459615e+02
1.211155378486056122e+01 7.096153846153844142e+02
1.219123505976095956e+01 7.230769230769228670e+02
1.243027888446215456e+01 7.115384615384613198e+02
1.227091633466135789e+01 6.999999999999997726e+02
1.203187250996016111e+01 7.096153846153844142e+02
1.306772908366534303e+01 7.288461538461535838e+02
1.314741035856574136e+01 7.423076923076920366e+02
1.346613545816733470e+01 7.288461538461535838e+02
1.322709163346613970e+01 7.134615384615382254e+02
1.298804780876494469e+01 7.269230769230766782e+02
1.410358565737052317e+01 7.461538461538459615e+02
1.442231075697211651e+01 7.634615384615382254e+02
1.450199203187251484e+01 7.499999999999997726e+02
1.418326693227092150e+01 7.346153846153844142e+02
1.378486055776892982e+01 7.442307692307690559e+02
1.529880478087649287e+01 7.596153846153844142e+02
1.529880478087649287e+01 7.692307692307690559e+02
1.545816733067728954e+01 7.596153846153844142e+02
1.529880478087649287e+01 7.499999999999997726e+02
1.490039840637450830e+01 7.557692307692306031e+02
1.625498007968128178e+01 7.788461538461536975e+02
1.625498007968128178e+01 7.923076923076921503e+02
1.641434262948207845e+01 7.788461538461536975e+02
1.609561752988048511e+01 7.711538461538459615e+02
1.609561752988048511e+01 7.749999999999997726e+02
1.745019920318726037e+01 7.961538461538459615e+02
1.729083665338646014e+01 8.096153846153844142e+02
1.745019920318726037e+01 7.999999999999997726e+02
1.729083665338646014e+01 7.884615384615382254e+02
1.697211155378486680e+01 7.961538461538459615e+02
1.824701195219124372e+01 8.192307692307690559e+02
1.824701195219124372e+01 8.365384615384614335e+02
1.848605577689243873e+01 8.211538461538459615e+02
1.824701195219124372e+01 8.038461538461536975e+02
1.792828685258965038e+01 8.153846153846152447e+02
1.920318725099601309e+01 8.480769230769229807e+02
1.936254980079680976e+01 8.615384615384614335e+02
1.952191235059760643e+01 8.480769230769229807e+02
1.928286852589641143e+01 8.307692307692306031e+02
1.904382470119521642e+01 8.423076923076921503e+02
2.007968127490039478e+01 8.596153846153845279e+02
2.023904382470119501e+01 8.788461538461536975e+02
2.047808764940239001e+01 8.557692307692306031e+02
2.023904382470119501e+01 8.403846153846152447e+02
1.999999999999999645e+01 8.576923076923075087e+02
2.135458167330677171e+01 8.730769230769229807e+02
2.135458167330677171e+01 8.903846153846152447e+02
2.159362549800796671e+01 8.692307692307690559e+02
2.127490039840637337e+01 8.461538461538459615e+02
2.111553784860557670e+01 8.653846153846152447e+02
