3.083000937955387766e+00 2.437883978539044847e+02
3.211458634220117681e+00 2.518037111671088155e+02
3.466913542582851004e+00 2.568853454196217285e+02
3.748332613909651112e+00 2.656138542445693247e+02
4.361054404657969563e+00 2.750360317158801422e+02
5.203266940804954999e+00 2.858929688672691327e+02
5.764449868069595695e+00 2.909411284934159880e+02
6.759623779278648215e+00 3.025112611565483576e+02
7.627021553500777706e+00 3.111756102809611093e+02
8.646893874729403962e+00 3.169034907924851723e+02
9.590821019288128468e+00 3.262894040852327180e+02
1.096844705095791106e+01 3.400074919401867533e+02
1.155676252852000729e+01 3.574617200378848452e+02
1.229823411236640673e+01 3.770890092971790750e+02
1.270869507362462514e+01 3.982124283848892219e+02
1.319500384594164011e+01 4.149478818664495634e+02
1.383466345576517575e+01 4.353162621594588586e+02
1.429520279634034807e+01 4.498647067184372759e+02
1.498659600086979538e+01 4.760669705064631216e+02
1.554875258424559270e+01 4.884144583818737715e+02
1.611061707078803806e+01 4.985721477825052830e+02
1.675027668061158437e+01 5.189405280755145213e+02
1.751771242742204748e+01 5.422146919072433775e+02
1.792739446379134449e+01 5.574986483955425456e+02
1.859223931169002952e+01 5.756744406615755452e+02
1.895028511896453693e+01 5.858544464797844284e+02
1.951322062722925921e+01 6.040413969546060571e+02
2.005019197252990892e+01 6.185814728569929457e+02
2.089269660551023833e+01 6.316282084831611883e+02
2.168473339672915756e+01 6.483301873383553584e+02
2.247696491917030670e+01 6.664920318434025148e+02
2.321726811568331783e+01 6.773601272035801912e+02
2.390651927676823618e+01 6.875038688432258596e+02
2.434099708876821921e+01 6.976755060048432142e+02
2.500545247422244444e+01 7.129315669711706960e+02
2.564443052476818252e+01 7.281904174896953919e+02
2.592555749926163600e+01 7.347291278398636223e+02
