4.019072974065562853e+00 2.634720446128636695e+02
4.058406202995881173e+00 2.798635960126861164e+02
4.438845933927460408e+00 2.624259417858440884e+02
4.132410944835147149e+00 2.470726718834933990e+02
3.675344256802281162e+00 2.604158600920570734e+02
4.974797597759463841e+00 2.849396388892147343e+02
4.975744508826305257e+00 2.982593631091349380e+02
5.394643396934192481e+00 2.849181302329582195e+02
5.126521886392525928e+00 2.716120933397467070e+02
4.707477319658966763e+00 2.829041378743971791e+02
6.006275106800641694e+00 2.982065691346871290e+02
6.007294857180315972e+00 3.125508875253703991e+02
6.426193745288206749e+00 2.992096546491936806e+02
6.005255356420966528e+00 2.838622507440038589e+02
5.662764907475862586e+00 2.982241671261697320e+02
7.075774737141130366e+00 3.094223557062464351e+02
7.114816608820113686e+00 3.217155304230166166e+02
7.381044297228100959e+00 3.083821188763877217e+02
6.998492226224338530e+00 2.961065421511002569e+02
6.694023898578540965e+00 3.084173148593529277e+02
7.952905742287229351e+00 2.991314413537156724e+02
8.029969735265520825e+00 3.093734723965726516e+02
8.410992180699768284e+00 3.001325715358352682e+02
8.066535070308148647e+00 2.868304453073976674e+02
7.647563342887425009e+00 2.991470840128113196e+02
9.021167104309540719e+00 2.929291270223025094e+02
9.060063297362855650e+00 3.031731133975463308e+02
9.402699424933629757e+00 2.908603853569068178e+02
9.058315153854842094e+00 2.785828532992322835e+02
8.639270587121281153e+00 2.898748978338826419e+02
9.936320230754947858e+00 2.805870689958585444e+02
1.005155202365821410e+01 2.908271447063285677e+02
1.035609319061683564e+01 2.795409661688389633e+02
1.005009523740153554e+01 2.703352612910667858e+02
9.669145631280118280e+00 2.806007563225672357e+02
1.100450875346441926e+01 2.733601604936822014e+02
1.104340494651773419e+01 2.836041468689261364e+02
1.142428171332631592e+01 2.723140576666626202e+02
1.104187532094822011e+01 2.620876692829014019e+02
1.062268507558899522e+01 2.713305254760256275e+02
1.207175036510705546e+01 2.528135277715857683e+02
1.207269727617389776e+01 2.661332519915059720e+02
1.245342836435681200e+01 2.527939744477163231e+02
1.203285417205374053e+01 2.425695413963419469e+02
1.165190456593232504e+01 2.528350364278422830e+02
1.302550832735444075e+01 2.466170794373334729e+02
1.302623672048278003e+01 2.568630211449643639e+02
1.344557264446767419e+01 2.496693532933662709e+02
1.317745113392600409e+01 2.363633164001547584e+02
1.264368464947901671e+01 2.445874444196767854e+02
1.405538337151327433e+01 2.373429379260179530e+02
1.405640312189295038e+01 2.516872563167012231e+02
1.439918492808939199e+01 2.414237166175877292e+02
1.413106341754772188e+01 2.281176797243763303e+02
1.371187317218849522e+01 2.373605359175005560e+02
1.500892281582216015e+01 2.280727070794763449e+02
1.500979688757616870e+01 2.403678371286334823e+02
1.542869577568405681e+01 2.270266042524567638e+02
1.504636222261879652e+01 2.178248100394584981e+02
1.462724481657240361e+01 2.280922604033459038e+02
1.607681998128030187e+01 2.167474218942477364e+02
1.607754837440864293e+01 2.269933636018786274e+02
1.634399458075512968e+01 2.167337345675390452e+02
1.615250002731474765e+01 2.075221636926060000e+02
1.558078426088128765e+01 2.188220295568042957e+02
1.703043226490201789e+01 2.085017852184691947e+02
1.703108781871751987e+01 2.177231327553370193e+02
1.741196458552609982e+01 2.064330435530735031e+02
1.706750747513448374e+01 1.931309173246360160e+02
1.668655786901306470e+01 2.033964123561363522e+02
1.802264938432571029e+01 2.064017582348823225e+02
1.806205545256885969e+01 2.238179038054678358e+02
1.832791894441267999e+01 2.053615214050234954e+02
1.805972459455817614e+01 1.910308903410490302e+02
1.764068002782461875e+01 2.023229348756995023e+02
1.901377391405689821e+01 1.889328186898490003e+02
1.901435662855956821e+01 1.971295720559537585e+02
1.935713843475600981e+01 1.868660323568402646e+02
1.908923544215284096e+01 1.766337779759180648e+02
1.867004519679361607e+01 1.858766341690422905e+02
1.992994679088197785e+01 1.909350790540884191e+02
1.996884298393528923e+01 2.011790654293322405e+02
2.042605535059382760e+01 1.898850655622949262e+02
2.004350327959006250e+01 1.776094888370073477e+02
1.966262651278147899e+01 1.888995780392708639e+02
2.099784395634012668e+01 1.796097938688596969e+02
2.099871802809413168e+01 1.919049239180167206e+02
2.134135415566490224e+01 1.795921958773772076e+02
2.103477348794692148e+01 1.621897376335002718e+02
2.065396956045117349e+01 1.745044210065268544e+02
2.199006107576381908e+01 1.775097668852728248e+02
2.199086230820498855e+01 1.887803027636667821e+02
2.237181191432640759e+01 1.785148077321663322e+02
2.202735480393478440e+01 1.652126815037287315e+02
2.168464583705117832e+01 1.765008153736052918e+02
2.302022747717398232e+01 1.723340020570096840e+02
2.302117438824082996e+01 1.856537262769297740e+02
2.336373767649875788e+01 1.723164040655270810e+02
2.305759404465779028e+01 1.610615108462286571e+02
2.267664443853637124e+01 1.713270058777291069e+02
2.393618183606056249e+01 1.712624799089596763e+02
2.393705590781456749e+01 1.835576099581167000e+02
2.439412259584743481e+01 1.702144217495531393e+02
2.385889932514376710e+01 1.579466663538133844e+02
2.359245311879728035e+01 1.682062953881529666e+02
2.496649391609640389e+01 1.681359034222226683e+02
2.500589998433954975e+01 1.855520489928082952e+02
2.534831759397182083e+01 1.701655384398793558e+02
2.507939485098898302e+01 1.455889656682738860e+02
2.458459739890814433e+01 1.650816742338029144e+02
