1.457738496635440084e-01 2.428542947995891836e+02
2.992955220454255327e-01 2.483746847556294597e+02
3.733302724650996440e-01 2.436348049721387952e+02
2.947042196938179925e-01 2.357429798941375338e+02
-3.850954847410940074e-01 2.412962649149212666e+02
1.134338637244072245e+00 2.530786790139454467e+02
1.288434222419904795e+00 2.601780320776721283e+02
1.437651548847154626e+00 2.538561987260637807e+02
1.208086431266770955e+00 2.475493176766115369e+02
1.058295192045570321e+00 2.522921879205334221e+02
2.119746904457870951e+00 2.546187661360260392e+02
2.273555533236728099e+00 2.609286376459094754e+02
2.423346772457928733e+00 2.561857674019875617e+02
2.269825100076046542e+00 2.506653774459473425e+02
1.816720949251763972e+00 2.546307279777509223e+02
3.182633398855049034e+00 2.608927521207348263e+02
3.183781224442949753e+00 2.640506783361077510e+02
3.409902865259627713e+00 2.608837807394411357e+02
3.180624704076219889e+00 2.553663812438321088e+02
2.879607443648941167e+00 2.609047139624597094e+02
4.018824339641584587e+00 2.687546725944237096e+02
4.172919924817417581e+00 2.758540256581504764e+02
4.322711164038617326e+00 2.711111554142285627e+02
4.168902535259761066e+00 2.648012839043450413e+02
3.943067850840057620e+00 2.687576630548549588e+02
5.083145616023640123e+00 2.789760663483486951e+02
5.085154310802468380e+00 2.845024372252514127e+02
5.310415082428219691e+00 2.789670949670550044e+02
5.003945650458407002e+00 2.695052781626610567e+02
4.855015280428132129e+00 2.766165930681126497e+02
5.993371307229861777e+00 2.820981070385469707e+02
6.147466892405694772e+00 2.891974601022736806e+02
6.371579838443544475e+00 2.805041916287043477e+02
6.065397362870707632e+00 2.718318563781536454e+02
5.916466992840433647e+00 2.789431712836052384e+02
7.130579508443688930e+00 2.844216947936083670e+02
7.133449072413443837e+00 2.923165103320407070e+02
7.206622953642191298e+00 2.852081858870203632e+02
7.128283857267885715e+00 2.781058423628624041e+02
6.827266596840606105e+00 2.836441750814900615e+02
8.040518243252936514e+00 2.867542539299633972e+02
8.120866034406070355e+00 2.993829683310240171e+02
8.344692024046945988e+00 2.899002183036113820e+02
8.037935635680158342e+00 2.796489199453741890e+02
7.889579178443834273e+00 2.883391979585122726e+02
8.951317847253109861e+00 2.914552577278481067e+02
9.105413432428942855e+00 2.985546107915748735e+02
9.407004605650172380e+00 2.945952411806337636e+02
9.176291662481887101e+00 2.851304339158085099e+02
8.875561358451584226e+00 2.914582481882793559e+02
9.936439158069932276e+00 2.922058632960854538e+02
1.001563912363516451e+01 3.016766514817730922e+02
1.023946511327604014e+01 2.921939014543605708e+02
1.008536952810020715e+01 2.850945483906338040e+02
9.709456648062328554e+00 2.930043162312223330e+02
1.115112558646713836e+01 2.992633499137750164e+02
1.122975163923842068e+01 3.071551749917762208e+02
1.122659511887169081e+01 2.984708778995005787e+02
1.107249953369585782e+01 2.913715248357738119e+02
1.092356916366558472e+01 2.984828397412254617e+02
1.198702957085671272e+01 3.063357888336207111e+02
1.198961217842949267e+01 3.134411228182098625e+02
1.228976856966584386e+01 3.055343454380525827e+02
1.198387305048998286e+01 2.976514917413450121e+02
1.175918619165818235e+01 3.047657971072279111e+02
1.289782917485688607e+01 3.110367926315054774e+02
1.305249867282666898e+01 3.197151088029186212e+02
1.320114208645996534e+01 3.118143123436237829e+02
1.304618563209321103e+01 3.023465146183673369e+02
1.274602924085685807e+01 3.102532919985246735e+02
1.388323744207068344e+01 3.125768797535860699e+02
1.418941991764352117e+01 3.212492150041367722e+02
1.418683731007074122e+01 3.141438810195475639e+02
1.388008092170395180e+01 3.038925826613103709e+02
1.373143750807065544e+01 3.117933791206052092e+02
1.494641089286483826e+01 3.196403472921380171e+02
1.502474998923914384e+01 3.267426908162959762e+02
1.502188042526938894e+01 3.188478752778635794e+02
1.501843694850568411e+01 3.093740966317446919e+02
1.479403704607086034e+01 3.172778835514707794e+02
1.562994103046042760e+01 3.243503224713164741e+02
1.608792344003329333e+01 3.338061583548478666e+02
1.616052340846809088e+01 3.251188708021410889e+02
1.592923655250585391e+01 3.140751004296294013e+02
1.562965407406345442e+01 3.235608409174732287e+02
1.684290572047576973e+01 3.266709197659466213e+02
1.699872304403345424e+01 3.385071621527326329e+02
1.707074909967430187e+01 3.282409114923392508e+02
1.699040130852116448e+01 3.156121970912787447e+02
1.661563625407119105e+01 3.266798911472402551e+02
1.790464438928504620e+01 3.297869795352822848e+02
1.806074866923970390e+01 3.424127034759117123e+02
1.813220081208660162e+01 3.305674897078318395e+02
1.805185302093346422e+01 3.179387753067713902e+02
1.767708796648349079e+01 3.290064693627327301e+02
1.904386128527770339e+01 3.376369381672463419e+02
1.897126131684290584e+01 3.463242257199532332e+02
1.904328737248374992e+01 3.360579750595598512e+02
1.888718309252909222e+01 3.234322511189305942e+02
1.874054837367461701e+01 3.368594184551279795e+02
1.987775657488844772e+01 3.391830062101893759e+02
1.995810436604158156e+01 3.518117206112499957e+02
2.010445212849907648e+01 3.375950717212091376e+02
2.002496520653686929e+01 3.273348019816783108e+02
1.957473061968234163e+01 3.391949680519142589e+02
2.071107795170524213e+01 3.391501111454458623e+02
2.086632136246897673e+01 3.494073904245455537e+02
2.116647775370532614e+01 3.415006130443882171e+02
2.086000832173551345e+01 3.320387962399942126e+02
2.048380848530065990e+01 3.391590825267395530e+02
