3.977379052231823753e+00 2.760808819793730322e+02
4.019716592505409025e+00 2.904820572744669107e+02
4.347747854545147561e+00 2.760618300055885470e+02
4.017515040411182348e+00 2.637330860810513400e+02
3.648162339064424664e+00 2.760978170671814382e+02
4.966468668103322770e+00 2.935197886501041467e+02
5.008636858215813170e+00 3.058633507764737374e+02
5.336752795336095367e+00 2.924719300919574607e+02
5.006435306121586493e+00 2.791143795830581098e+02
4.595676490387262447e+00 2.883948077020779124e+02
5.998149849490044261e+00 3.284462903690155144e+02
5.999081275376063616e+00 3.397631627969990404e+02
6.368433976722821299e+00 3.273984318108689422e+02
5.997049073442930478e+00 3.150718047723077007e+02
5.627527021935078366e+00 3.253789225897136248e+02
6.989017642053033441e+00 3.674901353113515370e+02
6.990033743019600010e+00 3.798358143236972637e+02
7.318149680139885760e+00 3.664443936391809871e+02
7.070390394458863526e+00 3.561690291114158526e+02
6.618394814498067547e+00 3.644227675320495905e+02
8.020275448037022414e+00 3.972726041084522421e+02
8.021376224084136197e+00 4.106470897051600559e+02
8.349492161204421947e+00 3.972556690206438361e+02
7.936870493698059192e+00 3.839023522836965867e+02
7.608585206416679014e+00 3.952361597994885187e+02
9.010465839955633882e+00 4.280859963758912272e+02
9.052803380229219599e+00 4.424871716709849920e+02
9.421986731414882854e+00 4.280648275161306628e+02
9.009365063908521876e+00 4.147115107791833566e+02
8.640097037642311406e+00 4.281050483496756556e+02
1.000040220663260548e+01 4.558129688902437238e+02
1.000158765776026470e+01 4.702162610713136814e+02
1.037068633386538075e+01 4.547651103320969810e+02
9.998878055182755631e+00 4.372944503717250768e+02
9.629779379077639589e+00 4.527456011109417204e+02
1.107247340144032499e+01 4.814780944639197742e+02
1.103267611358315392e+01 4.979411166996900988e+02
1.144275752867310025e+01 4.804302359057732019e+02
1.102979716084455042e+01 4.629616928313773201e+02
1.070193524896590809e+01 4.794395332689800284e+02
1.197985156458380196e+01 5.061228809971379974e+02
1.194005427672663266e+01 5.225859032329083220e+02
1.243235519502788122e+01 5.040419820826771229e+02
1.206071626650635054e+01 4.886289352910295065e+02
1.165029615109421357e+01 5.020245897474978847e+02
1.301102469548724549e+01 5.348765432098765586e+02
1.305327756068028400e+01 5.482489119206084069e+02
1.346352832593132476e+01 5.327956442954157410e+02
1.309172004724869964e+01 5.153249843350438368e+02
1.264031719285173239e+01 5.307803688462124683e+02
1.404152042574631132e+01 5.553997527477180256e+02
1.404270587687397054e+01 5.698030449287878128e+02
1.441180455297908658e+01 5.543518941895714534e+02
1.408131771360348061e+01 5.389367305119477578e+02
1.362991485920651336e+01 5.543921150231165029e+02
1.503103341702054507e+01 5.779826923402597458e+02
1.507328628221358358e+01 5.913550610509914804e+02
1.535991142986575575e+01 5.738505309150026505e+02
1.507108473011935601e+01 5.646060898575758529e+02
1.461942785048074889e+01 5.769750546156581095e+02
1.602037705813368618e+01 5.985080187640772920e+02
1.610378201247264940e+01 6.118782705888329474e+02
1.643189794959293337e+01 5.984868499043167276e+02
1.610158046037842183e+01 5.851292993954173198e+02
1.569099099480519222e+01 5.964673406831614102e+02
1.709194020245812951e+01 6.180003048315804790e+02
1.709270227818305088e+01 6.272595640908397172e+02
1.738000482647960254e+01 6.179854866297481522e+02
1.709075475133046851e+01 6.035970126505105782e+02
1.668008061067669345e+01 6.139062473538923541e+02
1.907045813452331018e+01 6.569933445104911698e+02
1.907138956040932598e+01 6.683102169384748095e+02
1.939959017261016072e+01 6.559476028383206767e+02
1.906944203355674361e+01 6.446476654981454431e+02
1.869966595680724808e+01 6.518683635624649924e+02
2.001881903665161744e+01 6.795784009890089692e+02
2.006081787660301075e+01 6.898643499466544426e+02
2.043033992811086819e+01 6.795572321292484048e+02
2.005895502483097559e+01 6.672306050906873907e+02
1.964811153401610611e+01 6.754822266253449925e+02
2.104897606658849440e+01 6.959863841894018606e+02
2.104990749247451376e+01 7.073032566173855002e+02
2.141934486890181688e+01 6.959673322156174891e+02
2.108928140492894698e+01 6.856962014598045698e+02
2.067852258919462116e+01 6.949766295788242587e+02
2.212070856107403216e+01 7.175362834256295628e+02
2.208048789781412324e+01 7.288552727395891679e+02
2.249107736338735108e+01 7.175172314518450776e+02
2.203747295689616337e+01 7.062236447695980814e+02
2.162671414116183755e+01 7.155040728886178840e+02
2.302817139929805634e+01 7.432098765432098162e+02
2.302893347502298127e+01 7.524691358024691681e+02
2.348075970482268460e+01 7.421577842131110856e+02
2.310945947662333921e+01 7.308599637589120448e+02
2.269870066088901339e+01 7.401403918779318474e+02
2.405883647971821659e+01 7.657906992497755709e+02
2.410083531966961345e+01 7.760766482074209307e+02
2.447018802101636936e+01 7.637119172212907188e+02
2.409888779281702753e+01 7.524140967670917917e+02
2.372936574130917720e+01 7.627212145844976021e+02
2.508933220997727531e+01 7.863139087876171516e+02
2.509026363586329467e+01 7.976307812156006776e+02
2.550085310143652251e+01 7.862927399278565872e+02
2.512946819815663346e+01 7.739661128892953457e+02
2.471879405750285486e+01 7.842753475926773490e+02
