2.765870704717531225e+01 4.535746240655735839e-02
2.766569598136283048e+01 7.072762432533830079e-02
2.970646476412346715e+01 4.527087482321690004e-02
2.833430401863714110e+01 1.995843795999641124e-02
2.595107746068723031e+01 4.120125840621113866e-02
5.018986604542806162e+01 6.554680058879536197e-02
4.985439720442633416e+01 8.670303345166963105e-02
5.155387303436225466e+01 6.126071521343834370e-02
5.018404193360510135e+01 4.440499898981142834e-02
4.848107163657542173e+01 5.716223626865235552e-02
7.377635410599884835e+01 1.998585736138769331e-01
7.343972044263252030e+01 2.167864461569541934e-01
7.514269073966224255e+01 2.040292088781132662e-01
7.376936517181131592e+01 1.744884116950959907e-01
7.138613861386141934e+01 1.957312321413107181e-01
9.707163657542224655e+01 5.160042716541113350e-01
9.708677926616189779e+01 5.709729558114697845e-01
9.912172393709958840e+01 5.243744047103642281e-01
9.773907979033197080e+01 4.610067249689726587e-01
9.536517181129877940e+01 5.160764279735619020e-01
1.170180547466511456e+02 1.064854099922071473e+00
1.173977868375072973e+02 1.204375559211475988e+00
1.183843913803145398e+02 1.069024735186307584e+00
1.173209085614443978e+02 9.253037781048865096e-01
1.149726266744321634e+02 1.073397408145005061e+00
1.431089108910890957e+02 1.617672525759805691e+00
1.438252766453115896e+02 1.740266112506133389e+00
1.451566686080372790e+02 1.617585938176465010e+00
1.434164239953406934e+02 1.495035645221808762e+00
1.417437390797903447e+02 1.617730250815365922e+00
1.671065812463599514e+02 2.005671486708806128e+00
1.667792661619103285e+02 2.056426241810258126e+00
1.684729178800233171e+02 2.009842121973042239e+00
1.674269073966220560e+02 1.929546569688573632e+00
1.647163657542224655e+02 2.001544145236239913e+00
1.933977868375072546e+02 2.046843882587237040e+00
1.937542224810716505e+02 2.101798135480705820e+00
1.951030867792661354e+02 2.042543365947989464e+00
1.940629004076878346e+02 1.983389615262504790e+00
1.920314502038439457e+02 2.042673247323000485e+00
