2.997432605905007819e+00 2.458638743455496751e+02
3.228498074454430711e+00 2.531937172774868543e+02
3.356867779204109059e+00 2.553926701570680109e+02
3.536585365853659901e+00 2.590575916230365578e+02
3.998716302952503909e+00 2.656544502617800276e+02
4.486521181001283942e+00 2.766492146596858106e+02
4.512195121951219967e+00 2.773821989528795484e+02
5.205391527599486423e+00 2.832460732984292235e+02
5.847240051347881717e+00 2.883769633507852177e+02
6.514762516046214813e+00 2.964397905759161631e+02
7.233632862644414629e+00 3.015706806282722141e+02
7.772785622593067600e+00 2.979057591623035250e+02
8.388960205391525093e+00 2.905759162303664311e+02
9.056482670089856413e+00 2.869109947643978558e+02
9.544287548138642663e+00 2.832460732984292235e+02
1.003209242618742181e+01 2.781151832460732294e+02
1.023748395378690645e+01 2.729842931937171784e+02
1.098202824133504407e+01 2.634554973821988142e+02
1.152118100128369527e+01 2.597905759162302957e+02
1.162387676508344114e+01 2.553926701570680109e+02
1.211168164313222029e+01 2.495287958115182505e+02
1.252246469833119491e+01 2.480628272251308317e+02
1.293324775353016953e+01 2.451308900523559657e+02
1.365211810012837290e+01 2.421989528795810713e+02
1.396020539152760165e+01 2.399999999999999147e+02
1.437098844672657627e+01 2.348691099476438922e+02
1.506418485237484006e+01 2.268062827225130320e+02
1.544929396662387511e+01 2.224083769633506904e+02
1.611681643132220998e+01 2.136125654450261209e+02
1.693838254172015212e+01 2.099476439790575455e+02
1.737483953786906099e+01 2.084816753926700699e+02
1.796534017971758601e+01 2.048167539267014945e+02
1.858151476251604350e+01 1.967539267015706059e+02
1.937740693196406028e+01 1.923560209424083212e+02
1.965982028241334945e+01 1.908900523560209024e+02
2.012195121951219434e+01 1.901570680628271646e+02
2.053273427471117074e+01 1.872251308900522986e+02
2.091784338896020401e+01 1.864921465968585608e+02
2.127727856225930481e+01 1.784293193717277006e+02
2.274069319640564757e+01 1.652356020942407611e+02
2.312580231065468794e+01 1.696335078534030458e+02
2.412708600770217870e+01 1.608376963350784763e+02
2.433247753530167046e+01 1.571727748691099009e+02
2.466623876765083168e+01 1.571727748691099009e+02
2.497432605905006042e+01 1.571727748691099009e+02
2.533376123234916122e+01 1.571727748691099009e+02
2.556482670089858544e+01 1.549738219895287159e+02
2.584724005134788172e+01 1.491099476439790124e+02
2.592426187419768624e+01 1.491099476439790124e+02
