4.058441558441557184e+00 2.470941883767535501e+02
4.058441558441557184e+00 2.591182364729459096e+02
4.448051948051947591e+00 2.460921843687374349e+02
4.025974025974025317e+00 2.350701402805611906e+02
3.603896103896102598e+00 2.470941883767535501e+02
5.000000000000000000e+00 2.641282565130260309e+02
5.000000000000000000e+00 2.831663326653306285e+02
5.389610389610389518e+00 2.651302605210420325e+02
5.032467532467532756e+00 2.450901803607214333e+02
4.642857142857142350e+00 2.651302605210420325e+02
6.006493506493504775e+00 3.032064128256513413e+02
6.006493506493504775e+00 3.192384769539078206e+02
6.428571428571427049e+00 3.032064128256513413e+02
6.103896103896102154e+00 2.881763527054108636e+02
5.681818181818182545e+00 3.012024048096192246e+02
6.980519480519479458e+00 3.432865731462925396e+02
7.012987012987012214e+00 3.543086172344690112e+02
7.402597402597402620e+00 3.422845691382765381e+02
6.980519480519479458e+00 3.292585170340680634e+02
6.655844155844155452e+00 3.402805611222445350e+02
7.987012987012987786e+00 3.643286573146292540e+02
7.987012987012987786e+00 3.763527054108217271e+02
8.376623376623378192e+00 3.663326653306612570e+02
8.051948051948052409e+00 3.563126252505010143e+02
7.694805194805194759e+00 3.643286573146292540e+02
8.961038961038958917e+00 3.983967935871743862e+02
9.025974025974024428e+00 4.134268537074148639e+02
9.383116883116882079e+00 3.983967935871743862e+02
9.123376623376621808e+00 3.843687374749499668e+02
8.668831168831168554e+00 3.963927855711423263e+02
9.967532467532468132e+00 4.254509018036071666e+02
1.006493506493506374e+01 4.414829659318637027e+02
1.035714285714285765e+01 4.244488977955911650e+02
1.009740259740259738e+01 4.124248496993988624e+02
9.642857142857142350e+00 4.234468937875751067e+02
1.094155844155844193e+01 4.555110220440881790e+02
1.103896103896103931e+01 4.705410821643287136e+02
1.133116883116883145e+01 4.565130260521042374e+02
1.107142857142857295e+01 4.404809619238477012e+02
1.064935064935064979e+01 4.525050100200401175e+02
1.201298701298701488e+01 4.695390781563126552e+02
1.194805194805194937e+01 4.855711422845692482e+02
1.243506493506493804e+01 4.695390781563126552e+02
1.207792207792208039e+01 4.575150300601202957e+02
1.162337662337662536e+01 4.635270541082164755e+02
1.295454545454545148e+01 5.026052104208417859e+02
1.305194805194804886e+01 5.166332665330662621e+02
1.337662337662337464e+01 5.016032064128257275e+02
1.305194805194804886e+01 4.895791583166333680e+02
1.266233766233766467e+01 4.995991983967936676e+02
1.402597402597402443e+01 5.226452905811624987e+02
1.402597402597402443e+01 5.356713426853708597e+02
1.438311688311688208e+01 5.236472945891785002e+02
1.409090909090908994e+01 5.096192384769540240e+02
1.370129870129869865e+01 5.206412825651303820e+02
1.506493506493506374e+01 5.476953907815632192e+02
1.503246753246753187e+01 5.597194388777554650e+02
1.535714285714285765e+01 5.496993987975953360e+02
1.506493506493506374e+01 5.316633266533067399e+02
1.461038961038960871e+01 5.446893787575152146e+02
1.597402597402597380e+01 5.547094188376753436e+02
1.600649350649350566e+01 5.647294589178357000e+02
1.646103896103896247e+01 5.537074148296592284e+02
1.610389610389610482e+01 5.426853707414830978e+02
1.571428571428571530e+01 5.537074148296592284e+02
1.698051948051948301e+01 5.667334669338677031e+02
1.704545454545454675e+01 5.807615230460921794e+02
1.740259740259740440e+01 5.657314629258517016e+02
1.704545454545454675e+01 5.547094188376753436e+02
1.665584415584415723e+01 5.657314629258517016e+02
1.798701298701298867e+01 6.058116232464930135e+02
1.801948051948052409e+01 6.168336673346693715e+02
1.840909090909090651e+01 6.068136272545090151e+02
1.801948051948052409e+01 5.897795591182364205e+02
1.766233766233766289e+01 6.018036072144288937e+02
1.896103896103895892e+01 6.298597194388777325e+02
1.902597402597402265e+01 6.408817635270540904e+02
1.941558441558441217e+01 6.278557114228457294e+02
1.899350649350649434e+01 6.148296593186372547e+02
1.866883116883116855e+01 6.258517034068136127e+02
2.003246753246752832e+01 6.488977955911824438e+02
2.003246753246752832e+01 6.699398797595190445e+02
2.032467532467532578e+01 6.478957915831663286e+02
2.006493506493506374e+01 6.298597194388777325e+02
1.974025974025973795e+01 6.438877755511022087e+02
2.097402597402597735e+01 6.739478957915831643e+02
2.103896103896104108e+01 7.030060120240481183e+02
2.133116883116883145e+01 6.759519038076152810e+02
2.103896103896104108e+01 6.438877755511022087e+02
2.064935064935065157e+01 6.719438877755511612e+02
2.201298701298701133e+01 7.000000000000001137e+02
2.211038961038961048e+01 7.260521042084169494e+02
2.230519480519480879e+01 7.000000000000001137e+02
2.201298701298701133e+01 6.719438877755511612e+02
2.162337662337662181e+01 6.979959919839679969e+02
2.298701298701298867e+01 7.250501002004008342e+02
2.308441558441558783e+01 7.490981963927856668e+02
2.334415584415584988e+01 7.270541082164329509e+02
2.305194805194805241e+01 6.979959919839679969e+02
2.266233766233766289e+01 7.240480961923848326e+02
2.405844155844155807e+01 7.430861723446894302e+02
2.412337662337662181e+01 7.691382765531062660e+02
2.441558441558441217e+01 7.440881763527055455e+02
2.405844155844155807e+01 7.160320641282565930e+02
2.363636363636364024e+01 7.410821643286574272e+02
2.503246753246752832e+01 7.681362725450902644e+02
2.500000000000000000e+01 7.941883767535071001e+02
2.538961038961038952e+01 7.711422845691383827e+02
2.509740259740259916e+01 7.400801603206414256e+02
2.470779220779220964e+01 7.671342685370742629e+02
