9.169550173010374561e-01 6.250000000000004441e-01
9.169550173010374561e-01 8.022388059701494045e-01
1.366782006920415071e+00 6.156716417910451655e-01
8.996539792387536760e-01 4.477611940298510396e-01
4.671280276816613397e-01 6.250000000000004441e-01
2.733564013840830142e+00 1.417910447761194126e+00
2.716262975778546362e+00 1.725746268656716653e+00
3.183391003460207536e+00 1.408582089552238958e+00
2.733564013840830142e+00 1.128731343283582378e+00
2.266435986159168525e+00 1.408582089552238958e+00
4.532871972318337939e+00 2.425373134328358660e+00
4.567474048442904611e+00 2.770522388059701413e+00
4.999999999999999112e+00 2.434701492537314049e+00
4.567474048442904611e+00 2.089552238805970408e+00
4.100346020761246102e+00 2.425373134328358660e+00
8.200692041522490427e+00 3.936567164179106015e+00
8.183391003460206647e+00 4.477611940298507953e+00
8.633217993079584929e+00 3.936567164179106015e+00
8.200692041522490427e+00 3.432835820895523415e+00
7.733564013840829254e+00 3.955223880597016350e+00
9.965397923875432440e+00 4.505597014925373678e+00
1.003460207612456756e+01 5.261194029850747356e+00
1.048442906574394229e+01 4.505597014925373678e+00
1.001730103806228378e+01 3.759328358208956722e+00
9.550173010380623495e+00 4.496268656716417844e+00
