1.250000000000001284e-02 9.591474245115449992e-02
6.250000000000006939e-02 9.591474245115449992e-02
1.250000000000001388e-01 1.012433392539964228e-01
2.125000000000002442e-01 1.065719360568383456e-01
2.750000000000002998e-01 1.119005328596802684e-01
3.749999999999993894e-01 1.172291296625221912e-01
4.749999999999994782e-01 1.225577264653641141e-01
4.874999999999994893e-01 1.225577264653641141e-01
6.124999999999996003e-01 1.296625222024866408e-01
7.124999999999996891e-01 1.385435168738898826e-01
8.499999999999998668e-01 1.509769094138543322e-01
9.874999999999999334e-01 1.563055062166962550e-01
1.112500000000000266e+00 1.669626998223801007e-01
1.200000000000000400e+00 1.740674955595027384e-01
1.275000000000000355e+00 1.776198934280639463e-01
1.350000000000000533e+00 1.865008880994671880e-01
1.499999999999999556e+00 1.953818827708704298e-01
1.624999999999999778e+00 2.078152753108347683e-01
1.724999999999999867e+00 2.202486678507993290e-01
1.824999999999999956e+00 2.273534635879218557e-01
1.912500000000000089e+00 2.344582593250443825e-01
2.037500000000000089e+00 2.486678507992895470e-01
2.100000000000000089e+00 2.575488454706926778e-01
2.225000000000000089e+00 2.682060390763765234e-01
2.300000000000000266e+00 2.770870337477797651e-01
2.375000000000000444e+00 2.806394316163409730e-01
2.425000000000000266e+00 2.859680284191830069e-01
2.487499999999999378e+00 2.912966252220248187e-01
2.562500000000000444e+00 3.019538188277086643e-01
2.700000000000000622e+00 3.214920071047957517e-01
2.725000000000000977e+00 3.232682060390763557e-01
2.837500000000000799e+00 3.357015985790408052e-01
2.925000000000001155e+00 3.428063943161634430e-01
3.049999999999998934e+00 3.570159857904084966e-01
3.149999999999999023e+00 3.658969804618117383e-01
3.299999999999999378e+00 3.818827708703373958e-01
3.362499999999999378e+00 3.907637655417406375e-01
3.424999999999999378e+00 4.014209591474244831e-01
3.562499999999999556e+00 4.156305506216696477e-01
3.624999999999999556e+00 4.280639431616342083e-01
3.674999999999999822e+00 4.333925399644760201e-01
3.787500000000000089e+00 4.404973357015986579e-01
3.899999999999999911e+00 4.547069271758437115e-01
3.975000000000000089e+00 4.671403197158081610e-01
4.075000000000000178e+00 4.813499111900533256e-01
4.187500000000000000e+00 4.955595026642982681e-01
4.287500000000000533e+00 5.079928952042628287e-01
4.387500000000000178e+00 5.186500888099466744e-01
4.487500000000000711e+00 5.310834813499112350e-01
4.575000000000001066e+00 5.399644760213143657e-01
4.712500000000001243e+00 5.595026642984014531e-01
4.775000000000001243e+00 5.701598579040852988e-01
4.912500000000001421e+00 5.861456483126110673e-01
5.075000000000001066e+00 6.056838365896980436e-01
5.174999999999998934e+00 6.216696269982238121e-01
5.287499999999999645e+00 6.394316163410302956e-01
5.424999999999999822e+00 6.589698046181172719e-01
5.562500000000000000e+00 6.767317939609237554e-01
5.625000000000000000e+00 6.891651865008882050e-01
5.862499999999999822e+00 7.140319715808168821e-01
5.987499999999999822e+00 7.282415630550620467e-01
6.075000000000000178e+00 7.442273534635878152e-01
6.212500000000000355e+00 7.566607460035522648e-01
6.325000000000001066e+00 7.690941385435167144e-01
6.450000000000001066e+00 7.833037300177618789e-01
6.587500000000001243e+00 7.921847246891650096e-01
6.662500000000001421e+00 8.081705150976907781e-01
6.887500000000001066e+00 8.330373001776197883e-01
7.062500000000001776e+00 8.490230905861455568e-01
7.262499999999999289e+00 8.685612788632326442e-01
7.474999999999999645e+00 8.863232682060390166e-01
7.587500000000000355e+00 8.952042628774421473e-01
7.712500000000000355e+00 9.111900532859679158e-01
7.837500000000000355e+00 9.218472468916517615e-01
7.962500000000000355e+00 9.342806394316163221e-01
8.050000000000000711e+00 9.449378330373001678e-01
