0.000000000000000000e+00 5.263157894736858466e-02
2.035541195476577303e-01 5.263157894736858466e-02
5.234248788368341954e-01 5.756578947368429233e-02
8.723747980613878461e-01 6.250000000000011102e-02
1.221324717285944050e+00 6.743421052631592971e-02
1.570274636510500033e+00 7.236842105263174840e-02
1.977382875605815604e+00 7.401315789473694728e-02
2.297253634894992125e+00 7.894736842105265495e-02
2.704361873990307696e+00 8.552631578947378355e-02
3.227786752827139338e+00 9.375000000000011102e-02
3.663974151857834372e+00 1.019736842105263275e-01
4.100161550888529405e+00 1.101973684210526550e-01
4.507269789983844532e+00 1.217105263157896022e-01
4.885298869143780642e+00 1.299342105263159297e-01
5.234248788368336847e+00 1.348684210526316374e-01
5.495961227786753334e+00 1.463815789473685847e-01
5.786752827140547950e+00 1.546052631578948011e-01
6.193861066235865742e+00 1.677631578947369473e-01
6.600969305331181758e+00 1.792763157894737835e-01
6.949919224555732633e+00 1.907894736842106198e-01
7.415185783521807572e+00 2.072368421052632748e-01
7.764135702746363776e+00 2.253289473684211286e-01
8.258481421647818621e+00 2.450657894736842923e-01
8.520193861066235996e+00 2.549342105263159297e-01
8.869143780290791312e+00 2.680921052631579649e-01
9.218093699515346628e+00 2.861842105263158187e-01
9.596122778675283627e+00 3.042763157894736725e-01
1.000323101777059875e+01 3.207236842105263275e-01
1.029402261712439604e+01 3.371710526315789824e-01
1.075928917609047097e+01 3.601973684210526550e-01
1.096284329563812854e+01 3.717105263157896022e-01
1.125363489499192404e+01 3.914473684210526550e-01
1.154442649434572132e+01 4.095394736842106198e-01
1.186429725363489318e+01 4.243421052631579649e-01
1.203877221324717084e+01 4.375000000000001110e-01
1.215508885298869046e+01 4.440789473684210176e-01
1.238772213247172793e+01 4.621710526315789824e-01
1.256219709208400559e+01 4.769736842105263275e-01
1.291114701130856091e+01 4.950657894736842923e-01
1.326009693053311800e+01 5.197368421052632748e-01
1.363812600969305322e+01 5.493421052631579649e-01
1.381260096930533088e+01 5.690789473684211286e-01
1.410339256865912816e+01 5.855263157894737835e-01
1.436510500807754553e+01 6.019736842105264385e-01
1.477221324717286066e+01 6.266447368421054209e-01
1.503392568659127804e+01 6.546052631578945791e-01
1.517932148626817579e+01 6.694078947368420351e-01
1.538287560581583335e+01 6.940789473684210176e-01
1.570274636510501054e+01 7.138157894736841813e-01
1.584814216478190829e+01 7.220394736842105088e-01
1.596445880452342792e+01 7.351973684210525439e-01
1.608077544426494754e+01 7.483552631578946901e-01
1.631340872374798678e+01 7.730263157894736725e-01
1.654604200323102248e+01 7.976973684210526550e-01
1.686591276252019611e+01 8.207236842105263275e-01
1.701130856219709386e+01 8.404605263157894912e-01
1.724394184168012956e+01 8.569078947368421462e-01
1.753473344103392861e+01 8.799342105263158187e-01
1.768012924071082637e+01 8.930921052631579649e-01
1.782552504038772412e+01 9.111842105263158187e-01
1.791276252019386206e+01 9.194078947368421462e-01
1.794184168012924374e+01 9.259868421052631637e-01
