-1.152737752161327005e-02 1.009771986970684349e-01
4.822531263215523722e-16 1.335504885993485380e-01
4.841498559077809793e-01 1.026058631921824282e-01
-1.152737752161327005e-02 7.328990228013031183e-02
4.841498559077809793e-01 1.026058631921824282e-01
2.997118155619598490e+00 3.208469055374593704e-01
3.008645533141211192e+00 3.534201954397394041e-01
3.504322766570605374e+00 3.208469055374593704e-01
3.008645533141211192e+00 2.899022801302931773e-01
2.501440922190202087e+00 3.192182410423452521e-01
5.002881844380405063e+00 5.732899022801303257e-01
5.002881844380405063e+00 6.384364820846906152e-01
5.498559077809798801e+00 5.732899022801303257e-01
5.002881844380405063e+00 5.097719869706839324e-01
4.507204610951010437e+00 5.732899022801303257e-01
7.020172910662825672e+00 8.973941368078176550e-01
7.020172910662825672e+00 9.592833876221497080e-01
7.515850144092220297e+00 8.973941368078176550e-01
7.020172910662825672e+00 8.355048859934852690e-01
6.501440922190203864e+00 8.973941368078176550e-01
