-2.861685214626394011e-02 4.393305439330547069e-01
0.000000000000000000e+00 4.895397489539752844e-01
4.578696343402230418e-01 4.518828451882848096e-01
2.861685214626394011e-02 3.891213389121341293e-01
-3.434022257551672674e-01 4.644351464435149679e-01
3.949125596184419162e+00 1.405857740585774618e+00
3.977742448330682912e+00 1.518828451882845876e+00
4.492845786963433952e+00 1.380753138075314412e+00
4.006359300476947105e+00 1.255230125523012941e+00
3.462639109697932316e+00 1.393305439330544404e+00
6.982511923688392130e+00 2.485355648535565010e+00
6.982511923688392130e+00 2.673640167364017106e+00
7.468998410174878977e+00 2.510460251046024993e+00
6.982511923688392130e+00 2.284518828451883810e+00
6.496025437201909725e+00 2.472803347280334574e+00
1.101748807631160787e+01 3.602510460251046709e+00
1.098887122416534368e+01 4.117154811715482587e+00
1.150397456279809560e+01 3.602510460251046709e+00
1.101748807631160787e+01 3.087866108786611274e+00
1.050238473767885772e+01 3.615062761506277145e+00
1.399364069952305378e+01 5.309623430962343349e+00
1.402225755166931620e+01 6.163179916317992557e+00
1.453736089030206813e+01 5.284518828451885142e+00
1.402225755166931620e+01 4.443514644351465925e+00
1.350715421303656605e+01 5.284518828451885142e+00
1.702702702702702453e+01 6.627615062761507581e+00
1.705564387917328872e+01 7.531380753138076756e+00
1.754213036565977646e+01 6.627615062761507581e+00
1.702702702702702453e+01 5.698744769874477534e+00
1.651192368839427616e+01 6.627615062761507581e+00
