0.000000000000000000e+00 8.270547945205478646e-01
0.000000000000000000e+00 8.270547945205478646e-01
1.374045801526719013e-01 8.749999999999998890e-01
2.473282442748094279e-01 8.749999999999998890e-01
3.297709923664125520e-01 8.749999999999998890e-01
4.396946564885500508e-01 8.749999999999998890e-01
6.595419847328251040e-01 9.109589041095890183e-01
7.694656488549626028e-01 9.589041095890410427e-01
8.793893129771001016e-01 9.708904109589040488e-01
9.343511450381689620e-01 1.006849315068493178e+00
1.044274809160304018e+00 1.018835616438356295e+00
1.209160305343510267e+00 1.054794520547945424e+00
1.346564885496182251e+00 1.078767123287671437e+00
1.483969465648854236e+00 1.114726027397260344e+00
1.648854961832060484e+00 1.150684931506849473e+00
1.758778625954197983e+00 1.198630136986301498e+00
1.978625954198472980e+00 1.234589041095890627e+00
2.143511450381679673e+00 1.282534246575342651e+00
2.253435114503817172e+00 1.318493150684931781e+00
2.390839694656488934e+00 1.342465753424657793e+00
2.500763358778626433e+00 1.366438356164383805e+00
2.665648854961832903e+00 1.414383561643835385e+00
2.830534351145038929e+00 1.462328767123287410e+00
2.940458015267176428e+00 1.510273972602739656e+00
3.160305343511451426e+00 1.618150684931506822e+00
3.462595419847327438e+00 1.678082191780821963e+00
3.572519083969464937e+00 1.714041095890410871e+00
3.819847328244274198e+00 1.785958904109589129e+00
4.094656488549618167e+00 1.833904109589041154e+00
4.314503816793893165e+00 1.881849315068493178e+00
4.424427480916030220e+00 1.929794520547945202e+00
4.506870229007633455e+00 1.965753424657534332e+00
4.644274809160305217e+00 2.013698630136986356e+00
4.946564885496183450e+00 2.097602739726027732e+00
5.056488549618321393e+00 2.145547945205479312e+00
5.221374045801526975e+00 2.229452054794520244e+00
5.358778625954199626e+00 2.289383561643834941e+00
5.606106870229008443e+00 2.361301369863013200e+00
5.825954198473281664e+00 2.409246575342465224e+00
5.990839694656489911e+00 2.493150684931506600e+00
6.155725190839696381e+00 2.541095890410958624e+00
6.348091603053436671e+00 2.624999999999999556e+00
6.622900763358781084e+00 2.672945205479451580e+00
6.815267175572521374e+00 2.744863013698629839e+00
6.952671755725188696e+00 2.804794520547944980e+00
7.117557251908395166e+00 2.864726027397260122e+00
7.227480916030532221e+00 2.936643835616438380e+00
7.392366412213738691e+00 2.984589041095890405e+00
7.612213740458013689e+00 3.032534246575342429e+00
7.777099236641220159e+00 3.068493150684931337e+00
7.914503816793891922e+00 3.128424657534246478e+00
8.051908396946565460e+00 3.260273972602739878e+00
8.354198473282442805e+00 3.356164383561643039e+00
8.546564885496183095e+00 3.428082191780820853e+00
8.793893129770992800e+00 3.499999999999999112e+00
9.151145038167939560e+00 3.595890410958904493e+00
9.261068702290078392e+00 3.679794520547945424e+00
9.563358778625955736e+00 3.799657534246575707e+00
9.865648854961833081e+00 3.883561643835616639e+00
1.005801526717557515e+01 3.967465753424658015e+00
1.033282442748091867e+01 4.087328767123287854e+00
1.052519083969465896e+01 4.171232876712329229e+00
1.080000000000000249e+01 4.255136986301370605e+00
1.093740458015267514e+01 4.279109589041095951e+00
1.110229007633588161e+01 4.351027397260274654e+00
1.123969465648855248e+01 4.422945205479452468e+00
1.143206106870229277e+01 4.518835616438356517e+00
1.165190839694656333e+01 4.602739726027397893e+00
1.184427480916030540e+01 4.698630136986301942e+00
1.214656488549618274e+01 4.782534246575343317e+00
1.242137404580152626e+01 4.926369863013697170e+00
1.277862595419847302e+01 5.010273972602738546e+00
1.310839694656488597e+01 5.106164383561642595e+00
1.335572519083969567e+01 5.226027397260272878e+00
1.365801526717557302e+01 5.333904109589040488e+00
1.390534351145038272e+01 5.441780821917807209e+00
1.423511450381679566e+01 5.561643835616437492e+00
1.445496183206107155e+01 5.609589041095889961e+00
1.464732824427481184e+01 5.681506849315067775e+00
1.492213740458015536e+01 5.777397260273971824e+00
1.519694656488549889e+01 5.861301369863013200e+00
1.558167938931298124e+01 5.933219178082191014e+00
1.585648854961832477e+01 6.005136986301368829e+00
1.613129770992366829e+01 6.113013698630136439e+00
1.640610687022900649e+01 6.148972602739725346e+00
1.665343511450381797e+01 6.184931506849314253e+00
1.695572519083969354e+01 6.304794520547944536e+00
1.734045801526717767e+01 6.412671232876712146e+00
1.764274809160305324e+01 6.496575342465752634e+00
1.789007633587786472e+01 6.544520547945205102e+00
1.805496183206107119e+01 6.592465753424657571e+00
