1.137117407372247035e-03 5.819811384641659924e-02
1.013037831450215170e-01 5.818339207320843975e-02
3.017040038795772983e-01 6.168128538746242562e-02
6.023377796110378490e-01 6.869179378917833478e-02
7.827715564573209939e-01 7.571996831874416856e-02
1.023338777375822017e+00 8.450297821471997040e-02
1.323939108477655724e+00 8.974981818610083817e-02
1.624539439579489208e+00 9.499665815748170594e-02
1.965239881606010819e+00 1.020012778499145290e-01
2.366207546223264124e+00 1.178154066300978187e-01
2.747108433063360167e+00 1.318688113345876101e-01
3.108009431385554411e+00 1.476888288240542080e-01
3.468943874337378386e+00 1.652725147438559583e-01
3.950178650063266073e+00 1.881295398268131303e-01
4.411413537271252849e+00 2.127531776947469977e-01
4.792381313370606577e+00 2.303339192599070939e-01
5.133315867804524757e+00 2.496842179646854287e-01
5.494384089274863214e+00 2.743225776058275667e-01
5.895485532410632779e+00 2.971913801073512440e-01
6.196453754438380201e+00 3.218385728124182332e-01
6.457221531652554525e+00 3.394369805054280320e-01
6.758089419791416752e+00 3.587931679194895640e-01
6.938757309045100463e+00 3.781670214614010206e-01
7.059258309596936343e+00 3.940223712065671346e-01
7.239859309591362369e+00 4.098688878878085085e-01
7.580961087173429647e+00 4.380375287442622723e-01
8.102463196972149007e+00 4.714706756999468285e-01
8.343532087335074010e+00 5.067087120509491394e-01
8.744800753618985567e+00 5.383958567041483567e-01
9.045969643424506046e+00 5.736250599912260384e-01
9.286871310639293498e+00 6.000447541905529203e-01
9.648073310628147325e+00 6.317377875530353348e-01
9.828808089141086057e+00 6.546389779556169852e-01
9.929442979693536842e+00 6.793156142071001824e-01
1.015031131376079365e+01 7.057382527610684964e-01
1.039107920245706751e+01 7.251032732390549906e-01
1.059181386948790760e+01 7.462378508566599455e-01
1.085278231447985320e+01 7.744182691316803258e-01
1.103351709299279371e+01 7.973194595342620872e-01
1.121431876076499101e+01 8.237479867975139314e-01
1.131471953891004034e+01 8.360789440366515057e-01
1.145535420649829206e+01 8.572223547181810899e-01
1.157595554093901491e+01 8.783687097543524391e-01
1.191699042926182095e+01 9.030100137501362312e-01
1.223802542906672741e+01 9.294179305308966077e-01
1.249906076331792981e+01 9.611256856665871817e-01
1.261969554238828017e+01 9.840357091330939054e-01
1.278043043238331933e+01 1.008703512320652251e+00
1.296123210015551841e+01 1.035132039583904096e+00
1.308169965607772589e+01 1.049223720898734946e+00
