2.510460251046007021e-02 8.467741935483872329e-01
5.020920502092224985e-02 9.935483870967742881e-01
5.020920502092056648e-01 8.467741935483872329e-01
2.510460251046007021e-02 9.935483870967742881e-01
5.020920502092056648e-01 8.467741935483872329e-01
2.987447698744771785e+00 1.569354838709677180e+00
2.987447698744771785e+00 1.625806451612903158e+00
3.514644351464435434e+00 1.569354838709677180e+00
2.987447698744771785e+00 1.524193548387096975e+00
2.510460251046025881e+00 1.558064516129032073e+00
3.991631799163180894e+00 1.840322580645161077e+00
3.991631799163180894e+00 1.862903225806451735e+00
4.493723849372384116e+00 1.829032258064515970e+00
3.991631799163180894e+00 1.806451612903225756e+00
3.514644351464435434e+00 1.840322580645161077e+00
7.004184100418412662e+00 2.743548387096774288e+00
7.004184100418412662e+00 2.867741935483870908e+00
7.531380753138075868e+00 2.743548387096774288e+00
7.004184100418412662e+00 2.630645161290322331e+00
6.527196652719664982e+00 2.754838709677419395e+00
1.102092050209205354e+01 4.143548387096774199e+00
1.102092050209205354e+01 4.188709677419354627e+00
1.154811715481171674e+01 4.154838709677418862e+00
1.102092050209205354e+01 4.098387096774193772e+00
1.051882845188284854e+01 4.154838709677418862e+00
1.405857740585774174e+01 5.588709677419354094e+00
1.405857740585774174e+01 5.814516129032258007e+00
1.451046025104602677e+01 5.588709677419354094e+00
1.403347280334728353e+01 5.362903225806451069e+00
1.350627615062761500e+01 5.577419354838710319e+00
1.699581589958159356e+01 6.480645161290322420e+00
1.702092050209204999e+01 6.819354838709678290e+00
1.754811715481172030e+01 6.480645161290322420e+00
1.704602510460251352e+01 6.141935483870968326e+00
1.654393305439330675e+01 6.480645161290322420e+00
