2.927129185750187990e-02 4.634128200169587153e-01
1.367330208686045323e-01 4.632343096856733067e-01
2.441947498797072680e-01 4.630557993543878426e-01
2.980860050255736970e-01 4.928670246790535781e-01
5.399550906207122303e-01 5.074156166788156286e-01
7.280933117102994512e-01 5.220534638442202446e-01
8.625006682943353598e-01 5.367805661752677038e-01
1.077744907597170787e+00 5.962245064933135996e-01
1.346559620765242604e+00 6.256787111554085179e-01
1.668944807798550700e+00 6.251431801615522366e-01
2.072006486910341394e+00 6.394240066643861464e-01
2.421658082797212508e+00 7.135950493134793904e-01
2.717498618858375181e+00 7.729051068830606885e-01
3.282234063407766911e+00 8.766196093598915828e-01
3.524103149002904889e+00 8.911682013596536889e-01
3.954511432288418948e+00 9.951058417505912468e-01
4.304323418815602764e+00 1.099177364889993180e+00
4.627109582449699055e+00 1.173393035121907957e+00
4.922869923190702934e+00 1.217752852446335465e+00
5.299386951330349760e+00 1.291879267512607399e+00
5.595227487391513321e+00 1.351189325082189363e+00
5.729875429936021725e+00 1.410767148148699635e+00
5.971904906171475069e+00 1.455216220638770208e+00
6.240960205300019048e+00 1.529521146036327162e+00
6.482989681535471505e+00 1.573970218526397735e+00
6.752125175984176053e+00 1.663225384169109367e+00
7.128802594764137801e+00 1.767252279725688879e+00
7.451829344358706031e+00 1.886318670693066357e+00
7.990421114536736091e+00 2.124629962959106777e+00
8.313528059451462227e+00 2.258646594171638267e+00
8.474961238928589324e+00 2.303229549410172439e+00
8.771042360950223937e+00 2.407390327715217104e+00
8.986366795573216493e+00 2.481784508278416901e+00
9.309473740487943516e+00 2.615801139490948835e+00
9.659526312975600604e+00 2.764723383365812914e+00
9.875011138238910746e+00 2.869018044419320734e+00
1.006347014060912848e+01 2.943456852565342619e+00
1.030566000748489408e+01 3.017806405545721660e+00
1.044054853598987798e+01 3.122234949347693522e+00
1.057511628321422847e+01 3.166862532169049782e+00
1.070984442107889301e+01 3.241390595480713621e+00
1.105989699356655542e+01 3.390312839355578145e+00
1.124851638657708541e+01 3.494652127991907609e+00
1.141035054265499937e+01 3.613986284456213394e+00
1.170643166467663576e+01 3.718147062761258059e+00
1.189481047172669470e+01 3.777635630662125266e+00
1.213724092456293135e+01 3.896835904377966120e+00
1.232626129417425176e+01 4.075926394240066308e+00
1.262242261151604694e+01 4.195037412790265208e+00
1.289179869192522077e+01 4.329143299168439540e+00
1.313471031668240485e+01 4.538045014355206241e+00
1.348516386577085235e+01 4.761718459455841490e+00
1.397026535740380915e+01 5.044969727622986788e+00
1.405118243544276524e+01 5.104636805855140125e+00
1.432055851585194084e+01 5.238742692233314457e+00
1.464414663268761174e+01 5.462460764916770017e+00
1.491384349437741541e+01 5.656367612275561285e+00
1.523727122057277406e+01 5.850185204468709266e+00
1.553359292855487972e+01 5.999196703509214856e+00
1.574931833977865914e+01 6.148342085298185822e+00
1.596496355568228331e+01 6.282537226842002553e+00
1.626152584962486358e+01 6.476399446617972622e+00
1.663892502628624115e+01 6.714978504380940905e+00
1.682754441929676759e+01 6.819317793017271256e+00
1.720470300999767943e+01 7.013046130044775062e+00
1.750142569458057196e+01 7.236808830311053597e+00
1.769012528291126074e+01 7.356098359192538183e+00
1.790609128009551654e+01 7.550094461716971850e+00
1.798684796749416037e+01 7.579861059458815831e+00
1.801395398570740625e+01 7.624667152611458221e+00
1.804089961328034164e+01 7.639572765273790367e+00
