1.090239010181903557e-15 4.470938897168411086e-02
2.597402597402687779e-02 5.067064083457530760e-02
4.935064935064954472e-01 4.470938897168411086e-02
1.090239010181903557e-15 4.023845007451570116e-02
4.935064935064954472e-01 4.470938897168411086e-02
3.974025974025976904e+00 1.415797317436662262e-01
3.974025974025976904e+00 1.549925484351714067e-01
4.467532467532469020e+00 1.415797317436662262e-01
4.000000000000000888e+00 1.266766020864381892e-01
3.506493506493508328e+00 1.400894187779434252e-01
7.012987012987013991e+00 2.473919523099851470e-01
6.987012987012990450e+00 2.682563338301043321e-01
7.506493506493505663e+00 2.473919523099851470e-01
6.987012987012990450e+00 2.280178837555887350e-01
6.493506493506493449e+00 2.488822652757079201e-01
1.101298701298701666e+01 3.591654247391952159e-01
1.101298701298701666e+01 4.098360655737705027e-01
1.150649350649350922e+01 3.606557377049179891e-01
1.101298701298701666e+01 3.084947839046199847e-01
1.049350649350649611e+01 3.591654247391952159e-01
1.402597402597402976e+01 5.305514157973174605e-01
1.400000000000000178e+01 6.154992548435171962e-01
1.451948051948052232e+01 5.290611028315947983e-01
1.402597402597402976e+01 4.441132637853949516e-01
1.350649350649350922e+01 5.290611028315947983e-01
1.698701298701298867e+01 6.602086438152011683e-01
1.701298701298701133e+01 7.511177347242921076e-01
1.753246753246753187e+01 6.602086438152011683e-01
1.703896103896104108e+01 5.707898658718332241e-01
1.651948051948052054e+01 6.616989567809241635e-01
