-1.250000000000001284e-02 9.769094138543510386e-02
3.750000000000004025e-02 1.012433392539964228e-01
1.250000000000001388e-01 1.047957371225577416e-01
2.500000000000002776e-01 1.083481349911189495e-01
3.125000000000003331e-01 1.154529307282415873e-01
3.999999999999994116e-01 1.190053285968027952e-01
4.624999999999994671e-01 1.225577264653641141e-01
5.124999999999995115e-01 1.314387211367673558e-01
5.874999999999995781e-01 1.420959147424512015e-01
6.749999999999997113e-01 1.492007104795737282e-01
7.749999999999998002e-01 1.545293072824156511e-01
9.375000000000000000e-01 1.634103019538188928e-01
1.087500000000000133e+00 1.740674955595027384e-01
1.237500000000000488e+00 1.865008880994671880e-01
1.424999999999999600e+00 2.060390763765541644e-01
1.599999999999999867e+00 2.291296625222024597e-01
1.712499999999999911e+00 2.380106571936057014e-01
1.875000000000000000e+00 2.575488454706926778e-01
1.987500000000000044e+00 2.664298401420959195e-01
2.100000000000000089e+00 2.824156305506216880e-01
2.187500000000000000e+00 2.877442273534636108e-01
2.325000000000000178e+00 3.090586145648313021e-01
2.487499999999999378e+00 3.285968028419182785e-01
2.725000000000000977e+00 3.463587921847246509e-01
2.887500000000001066e+00 3.658969804618117383e-01
3.012499999999998845e+00 3.801065719360567918e-01
3.149999999999999023e+00 3.943161634103019564e-01
3.299999999999999378e+00 4.085257548845471209e-01
3.449999999999999734e+00 4.245115452930727784e-01
3.599999999999999645e+00 4.458259325044404697e-01
3.737499999999999822e+00 4.671403197158081610e-01
3.950000000000000178e+00 5.008880994671401909e-01
4.075000000000000178e+00 5.150976909413853555e-01
4.175000000000000711e+00 5.310834813499112350e-01
4.362500000000000711e+00 5.488454706927176074e-01
4.512500000000001066e+00 5.595026642984014531e-01
4.650000000000001243e+00 5.843694493783304633e-01
4.837500000000001243e+00 6.039076376554174397e-01
4.975000000000001421e+00 6.216696269982238121e-01
5.137499999999999289e+00 6.358792184724689767e-01
5.324999999999999289e+00 6.554174067495560640e-01
5.562500000000000000e+00 6.714031971580818325e-01
5.787499999999999645e+00 6.873889875666076010e-01
5.912500000000000533e+00 7.033747779751333695e-01
6.100000000000000533e+00 7.264653641207813317e-01
6.287500000000000533e+00 7.406749555950264963e-01
6.475000000000000533e+00 7.566607460035522648e-01
6.637500000000001066e+00 7.673179396092361104e-01
6.737500000000000711e+00 7.761989342806392411e-01
6.900000000000001243e+00 7.904085257548844057e-01
7.087500000000001243e+00 8.010657193605682513e-01
7.212500000000001243e+00 8.134991119005327009e-01
7.424999999999999822e+00 8.223801065719359427e-01
7.662499999999999645e+00 8.454706927175842379e-01
7.799999999999999822e+00 8.525754884547068757e-01
7.925000000000000711e+00 8.650088809946713253e-01
7.975000000000000533e+00 8.685612788632326442e-01
8.000000000000001776e+00 8.703374777975132481e-01
