9.728266799370917095e-01 2.955960080427363912e-01
9.730182849752398999e-01 3.111978982554277073e-01
1.442546430956989978e+00 2.873878357856515797e-01
9.725392723798697014e-01 2.721931727236993059e-01
5.030111263981197345e-01 2.960032351934754336e-01
3.825969401739882869e+00 6.909753938650098348e-01
3.826256809297105210e+00 7.143782291840470311e-01
4.237058011086483056e+00 6.906190701081131866e-01
3.825394586625439075e+00 6.441697232269357754e-01
3.326694573585651238e+00 6.836071276063244717e-01
5.712895817421692612e+00 1.313422093769707422e+00
5.743600524784914008e+00 1.422609873561625493e+00
6.212074843056850426e+00 1.312989414922047127e+00
5.741013856769916046e+00 1.211984355690292503e+00
5.243080263882718306e+00 1.313829320920446575e+00
7.595032107149796374e+00 1.545821538357121661e+00
7.567488882916017623e+00 1.694064947074610306e+00
8.094306935304027562e+00 1.553189804615806358e+00
7.622671133902650276e+00 1.405379074745978230e+00
7.125312356129898106e+00 1.554029710614205806e+00
1.045104890452480895e+01 2.175229277369765235e+00
1.045363557253980780e+01 2.385854795241098003e+00
1.092096026058285574e+01 2.182622995325371740e+00
1.044855803902888525e+01 1.972404704604777681e+00
9.981233350985837305e+00 2.175636504520504388e+00
1.233711309753494767e+01 2.727467471317351233e+00
1.233950816051179977e+01 2.922491098975993129e+00
1.283619632065103211e+01 2.719233847363345280e+00
1.236427311169243204e+01 2.548020282174479956e+00
1.183793407189978986e+01 2.727900150165011528e+00
1.425426520798461105e+01 3.420097225482237935e+00
1.425618125836609273e+01 3.576116127609151096e+00
1.469462148690832315e+01 3.411914504922074265e+00
1.425244496012220630e+01 3.271879268461670875e+00
1.378435385192656248e+01 3.412703507526630986e+00
1.708465483150732211e+01 4.353767275339285092e+00
1.705835704002150521e+01 4.603422970439267736e+00
1.755437458252722038e+01 4.345559103082199393e+00
1.711085682047406564e+01 4.096310635132955902e+00
1.664410694754545972e+01 4.346348105686757002e+00
