2.935148717765942092e-02 4.783630602621129491e-01
1.905440806943134169e-01 4.780952947651848084e-01
2.980058097054161248e-01 4.779167844338993998e-01
4.861440307950033457e-01 4.925546315993040158e-01
7.547983533227600184e-01 4.921083557710904666e-01
1.050638889383922470e+00 5.514184133406724309e-01
1.265722738046443085e+00 5.809618731684099702e-01
1.507752214281896652e+00 6.254109456584804327e-01
2.018275622404789971e+00 6.395132618300287675e-01
2.340821200078412989e+00 6.688782113264808427e-01
2.609796303886799507e+00 7.282328964788835624e-01
3.039964001211840738e+00 7.873198161343586410e-01
3.631324292053535352e+00 8.461389702929056345e-01
4.061411794058416014e+00 8.902756497032265903e-01
4.464633863810523629e+00 9.344569566963687457e-01
4.760795181152316147e+00 1.053567975246567423e+00
5.191203464437829318e+00 1.157505615637505203e+00
5.513909432751768591e+00 1.216771045624265746e+00
5.971263343610214491e+00 1.335614298677536116e+00
6.455482686721436103e+00 1.454412924147985731e+00
6.966647657405593108e+00 1.588117162280767491e+00
7.423841177623724974e+00 1.677059934843729616e+00
7.827303833336300976e+00 1.766091962572333918e+00
8.230846684369039323e+00 1.870074230546093119e+00
8.500222764778213147e+00 2.004180116924267452e+00
8.715547199401207479e+00 2.078574297487467248e+00
9.011548126102685075e+00 2.167784835547357680e+00
9.307789638764635498e+00 2.301846094342710369e+00
9.738518703330777626e+00 2.465584695714264640e+00
1.022337960900326159e+01 2.703985243145947237e+00
1.051954092634505322e+01 2.823096261696145248e+00
1.086967369415287266e+01 2.986968745816164450e+00
1.148902215172954655e+01 3.255046635824048629e+00
1.173129221392547272e+01 3.344346429049581904e+00
1.202753372658742315e+01 3.478407687844934593e+00
1.221623331491810838e+01 3.597697216726418734e+00
1.243203892146204659e+01 3.761792838760544377e+00
1.270181597847201083e+01 3.970649926364488991e+00
1.310551922014506232e+01 4.104532674828555550e+00
1.356327410760429508e+01 4.298127129107596645e+00
1.377915990946839209e+01 4.477172991386876966e+00
1.391428902393384526e+01 4.626452255924312418e+00
1.413025502111810106e+01 4.820448358448746085e+00
1.456186623420597570e+01 5.148639602516996483e+00
1.485834833282839895e+01 5.327551582047812317e+00
1.507439452533280999e+01 5.536497924817399330e+00
1.531698536880936423e+01 5.685598679023549096e+00
1.561362785807210507e+01 5.894411139044673398e+00
1.585621870154865931e+01 6.043511893250821387e+00
1.599134781601411248e+01 6.192791157788255951e+00
1.601925578742893563e+01 6.387099653392439791e+00
1.620819596172009724e+01 6.551239903009385301e+00
1.655913068272949218e+01 6.864614789580946841e+00
1.664020815140876053e+01 6.954182348303407757e+00
1.704439256500275590e+01 7.177766538238400607e+00
1.728698340847931192e+01 7.326867292444550372e+00
1.736846185375937068e+01 7.491186052392781569e+00
1.758466843690409931e+01 7.730032875652678825e+00
1.766590629622368525e+01 7.849500914865447321e+00
1.790873772566071764e+01 8.043452389807059788e+00
1.793576354855380472e+01 8.073308242714547944e+00
1.793616452515459159e+01 8.148059443940317337e+00
1.801692121255323542e+01 8.177826041682163094e+00
