-2.748091603053437817e-02 8.630136986301368829e-01
2.748091603053438026e-01 8.630136986301368829e-01
4.122137404580156761e-01 8.869863013698630061e-01
6.045801526717563545e-01 9.229452054794520244e-01
7.694656488549626028e-01 9.469178082191780366e-01
1.044274809160304018e+00 9.828767123287671659e-01
1.209160305343510267e+00 1.018835616438356295e+00
1.538931297709922985e+00 1.078767123287671437e+00
1.868702290076335482e+00 1.150684931506849473e+00
2.225954198473282464e+00 1.198630136986301498e+00
2.528244274809160697e+00 1.294520547945205768e+00
2.858015267175573193e+00 1.390410958904109373e+00
3.160305343511451426e+00 1.438356164383561397e+00
3.380152671755724203e+00 1.522260273972602551e+00
3.654961832061068172e+00 1.582191780821917693e+00
3.984732824427480669e+00 1.666095890410958846e+00
4.287022900763358457e+00 1.750000000000000000e+00
4.726717557251908453e+00 1.881849315068493178e+00
5.111450381679389920e+00 1.989726027397260566e+00
5.496183206106871388e+00 2.049657534246575263e+00
5.716030534351143721e+00 2.145547945205479312e+00
6.045801526717558438e+00 2.265410958904109151e+00
6.348091603053436671e+00 2.373287671232876317e+00
6.760305343511452847e+00 2.493150684931506600e+00
7.145038167938928986e+00 2.613013698630136883e+00
7.474809160305341926e+00 2.708904109589040932e+00
7.832061068702288686e+00 2.876712328767123239e+00
8.024427480916029864e+00 3.032534246575342429e+00
8.299236641221373389e+00 3.104452054794520688e+00
8.629007633587786330e+00 3.212328767123287854e+00
9.041221374045802506e+00 3.332191780821916804e+00
9.343511450381679850e+00 3.464041095890410205e+00
9.728244274809162206e+00 3.535958904109588019e+00
1.000305343511450573e+01 3.667808219178082307e+00
1.014045801526717838e+01 3.799657534246575707e+00
1.060763358778626220e+01 3.919520547945205990e+00
1.093740458015267514e+01 4.051369863013698946e+00
1.123969465648855248e+01 4.183219178082191902e+00
1.165190839694656333e+01 4.315068493150685747e+00
1.189923664122137303e+01 4.434931506849316030e+00
1.220152671755725216e+01 4.614726027397260566e+00
1.250381679389312950e+01 4.734589041095890849e+00
1.286106870229007626e+01 4.854452054794519356e+00
1.327328244274809244e+01 5.010273972602738546e+00
1.352061068702290214e+01 5.154109589041095063e+00
1.379541984732824567e+01 5.285958904109588019e+00
1.407022900763358919e+01 5.393835616438355629e+00
1.431755725190839890e+01 5.513698630136985024e+00
1.450992366412213919e+01 5.597602739726026400e+00
1.475725190839694889e+01 5.693493150684930448e+00
1.492213740458015536e+01 5.765410958904109151e+00
1.503206106870229242e+01 5.837328767123286966e+00
1.536183206106870536e+01 5.981164383561643483e+00
1.566412213740458270e+01 6.089041095890410205e+00
1.602137404580152946e+01 6.196917808219177815e+00
1.632366412213740503e+01 6.316780821917808098e+00
1.657099236641221296e+01 6.472602739726027288e+00
1.681832061068702444e+01 6.544520547945205102e+00
1.714809160305343383e+01 6.664383561643835385e+00
1.745038167938931295e+01 6.772260273972602107e+00
1.778015267175572589e+01 6.880136986301369717e+00
1.800000000000000000e+01 6.988013698630136439e+00
1.808244274809160501e+01 7.023972602739726234e+00
