0.000000000000000000e+00 5.263157894736858466e-02
3.780290791599357769e-01 5.427631578947378355e-02
6.106623586429731354e-01 6.085526315789491214e-02
9.305331179321472135e-01 6.907894736842112859e-02
1.221324717285944050e+00 6.907894736842112859e-02
1.657512116316639084e+00 7.401315789473694728e-02
1.773828756058157818e+00 7.401315789473694728e-02
2.151857835218093928e+00 7.730263157894745607e-02
2.733441033925687158e+00 8.552631578947378355e-02
3.227786752827139338e+00 9.210526315789480112e-02
3.722132471728593739e+00 1.003289473684211286e-01
4.216478190630048140e+00 1.101973684210526550e-01
4.798061389337641813e+00 1.217105263157896022e-01
5.350565428109855581e+00 1.348684210526316374e-01
5.641357027463649310e+00 1.365131578947369473e-01
6.135702746365106819e+00 1.513157894736842923e-01
6.455573505654283117e+00 1.644736842105264385e-01
6.659127625201940681e+00 1.726973684210527660e-01
6.978998384491112539e+00 1.842105263157894912e-01
7.211631663974150008e+00 1.875000000000000000e-01
7.735056542810983871e+00 2.039473684210526550e-01
8.345718901453956562e+00 2.286184210526316374e-01
8.665589660743133749e+00 2.434210526315789824e-01
8.869143780290791312e+00 2.500000000000000000e-01
9.276252019386106440e+00 2.615131578947369473e-01
9.799676898222941190e+00 2.796052631578949121e-01
1.032310177705977594e+01 3.026315789473684736e-01
1.084652665589660891e+01 3.289473684210526550e-01
1.113731825525040620e+01 3.453947368421053099e-01
1.145718901453958161e+01 3.700657894736842923e-01
1.168982229402261908e+01 3.881578947368422572e-01
1.195153473344103290e+01 4.161184210526316374e-01
1.241680129240710784e+01 4.342105263157896022e-01
1.267851373182552344e+01 4.588815789473683626e-01
1.337641357027463584e+01 4.983552631578948011e-01
1.363812600969305322e+01 5.197368421052632748e-01
1.381260096930533088e+01 5.427631578947369473e-01
1.398707592891761031e+01 5.690789473684211286e-01
1.427786752827140582e+01 5.904605263157896022e-01
1.451050080775444329e+01 6.085526315789474561e-01
1.485945072697900038e+01 6.480263157894738946e-01
1.500484652665589813e+01 6.694078947368420351e-01
1.532471728594507532e+01 7.023026315789472340e-01
1.555735056542811279e+01 7.253289473684210176e-01
1.576090468497577035e+01 7.434210526315788714e-01
1.596445880452342792e+01 7.697368421052631637e-01
1.622617124394184529e+01 7.927631578947368363e-01
1.631340872374798678e+01 8.108552631578946901e-01
1.654604200323102248e+01 8.404605263157894912e-01
1.666235864297254210e+01 8.634868421052631637e-01
1.689499192245557424e+01 8.914473684210526550e-01
1.701130856219709386e+01 9.062500000000000000e-01
1.773828756058158618e+01 9.983552631578949121e-01
1.773828756058158618e+01 9.983552631578949121e-01
