-2.748091603053437817e-02 8.390410958904108707e-01
2.748091603053437817e-02 8.390410958904108707e-01
5.496183206106876329e-02 8.510273972602738768e-01
3.022900763358781773e-01 8.989726027397260122e-01
4.396946564885500508e-01 9.109589041095890183e-01
7.419847328244282281e-01 9.948630136986301720e-01
9.893129770992353800e-01 1.042808219178082307e+00
1.126717557251907254e+00 1.102739726027397449e+00
1.374045801526716737e+00 1.186643835616438603e+00
1.813740458015266732e+00 1.294520547945205768e+00
2.061068702290076438e+00 1.342465753424657793e+00
2.280916030534351435e+00 1.438356164383561397e+00
2.445801526717557461e+00 1.510273972602739656e+00
2.665648854961832903e+00 1.570205479452054798e+00
2.858015267175573193e+00 1.654109589041095729e+00
3.077862595419848191e+00 1.750000000000000000e+00
3.270229007633588925e+00 1.785958904109589129e+00
3.517557251908396410e+00 1.845890410958904049e+00
3.737404580152671407e+00 1.929794520547945202e+00
3.902290076335877433e+00 2.001712328767123239e+00
4.177099236641220514e+00 2.061643835616438380e+00
4.369465648854961692e+00 2.181506849315068219e+00
4.561832061068701982e+00 2.265410958904109151e+00
4.781679389312976980e+00 2.325342465753424293e+00
4.891603053435114923e+00 2.409246575342465224e+00
5.193893129770993156e+00 2.481164383561643483e+00
5.358778625954199626e+00 2.553082191780821741e+00
5.688549618320609902e+00 2.684931506849314697e+00
5.880916030534350192e+00 2.780821917808218746e+00
6.073282442748093146e+00 2.852739726027397005e+00
6.375572519083971379e+00 2.936643835616438380e+00
6.595419847328246377e+00 3.044520547945205546e+00
6.925190839694653988e+00 3.200342465753424737e+00
7.172519083969463694e+00 3.296232876712327897e+00
7.474809160305341926e+00 3.380136986301368829e+00
7.832061068702288686e+00 3.464041095890410205e+00
7.996946564885495157e+00 3.535958904109588019e+00
8.216793893129771931e+00 3.607876712328767166e+00
8.711450381679389565e+00 3.787671232876712590e+00
9.096183206106871921e+00 3.859589041095890849e+00
9.453435114503818681e+00 3.955479452054794898e+00
9.618320610687025152e+00 4.039383561643836273e+00
1.003053435114503955e+01 4.135273972602740322e+00
1.036030534351145249e+01 4.267123287671233278e+00
1.080000000000000249e+01 4.363013698630137327e+00
1.107480916030534601e+01 4.470890410958904937e+00
1.134961832061068954e+01 4.578767123287671659e+00
1.176183206106870216e+01 4.674657534246575707e+00
1.225648854961831979e+01 4.806506849315069552e+00
1.261374045801526655e+01 4.902397260273971824e+00
1.294351145038167950e+01 5.022260273972601219e+00
1.330076335877862626e+01 5.142123287671231502e+00
1.368549618320610861e+01 5.202054794520546643e+00
1.401526717557252155e+01 5.285958904109588019e+00
1.434503816793893272e+01 5.369863013698629395e+00
1.461984732824427624e+01 5.417808219178080975e+00
1.489465648854962154e+01 5.465753424657533444e+00
1.525190839694656830e+01 5.537671232876711258e+00
1.549923664122137801e+01 5.597602739726026400e+00
1.591145038167939241e+01 5.633561643835615307e+00
1.629618320610687121e+01 5.705479452054794010e+00
1.659847328244274678e+01 5.753424657534245590e+00
1.701068702290076473e+01 5.825342465753424293e+00
1.742290076335877913e+01 5.861301369863013200e+00
1.775267175572519207e+01 5.921232876712328341e+00
1.794503816793893236e+01 5.945205479452054576e+00
