0.000000000000000000e+00 5.098684210526327476e-02
1.163166397415187070e-01 5.427631578947378355e-02
2.326332794830374140e-01 5.592105263157909345e-02
5.525040387722138790e-01 5.592105263157909345e-02
6.106623586429731354e-01 5.592105263157909345e-02
9.305331179321472135e-01 5.921052631578960224e-02
1.163166397415184683e+00 6.578947368421061981e-02
1.453957996768981298e+00 7.072368421052643850e-02
1.831987075928917186e+00 7.236842105263174840e-02
2.035541195476575194e+00 7.894736842105265495e-02
2.151857835218093928e+00 8.223684210526327476e-02
2.442649434571890765e+00 8.552631578947378355e-02
2.791599353796446525e+00 9.375000000000011102e-02
3.053311793214863901e+00 9.868421052631581869e-02
3.344103392568658073e+00 1.036184210526316374e-01
3.722132471728593739e+00 1.085526315789474561e-01
4.129240710823909311e+00 1.250000000000001110e-01
4.565428109854604344e+00 1.381578947368422572e-01
4.827140549273020831e+00 1.447368421052632748e-01
5.321486268174475676e+00 1.546052631578948011e-01
5.670436187399029215e+00 1.677631578947369473e-01
6.135702746365106819e+00 1.776315789473685847e-01
6.484652665589663023e+00 1.973684210526316374e-01
7.008077544426492445e+00 2.138157894736842923e-01
7.327948303715668743e+00 2.236842105263158187e-01
7.880452342487882511e+00 2.401315789473684736e-01
7.938610662358641434e+00 2.450657894736842923e-01
8.113085621970919092e+00 2.549342105263159297e-01
8.578352180936994031e+00 2.697368421052632748e-01
9.014539579967689065e+00 2.911184210526316374e-01
9.189014539579968499e+00 3.075657894736842923e-01
9.625201938610663532e+00 3.273026315789473450e-01
9.886914378029079131e+00 3.421052631578948011e-01
1.032310177705977594e+01 3.618421052631579649e-01
1.049757673667205360e+01 3.717105263157896022e-01
1.093376413570274863e+01 3.914473684210526550e-01
1.145718901453958161e+01 4.194078947368422572e-01
1.160258481421648113e+01 4.325657894736842923e-01
1.232956381260096812e+01 4.638157894736841813e-01
1.250403877221324578e+01 4.802631578947368363e-01
1.267851373182552344e+01 4.983552631578948011e-01
1.299838449111470062e+01 5.148026315789474561e-01
1.404523424878836835e+01 5.592105263157896022e-01
1.407431340872374825e+01 5.773026315789474561e-01
1.436510500807754553e+01 6.085526315789474561e-01
1.471405492730210085e+01 6.266447368421054209e-01
1.494668820678513832e+01 6.463815789473685847e-01
1.515024232633279588e+01 6.628289473684209065e-01
1.538287560581583335e+01 6.809210526315788714e-01
1.573182552504039045e+01 7.006578947368420351e-01
1.613893376413570735e+01 7.269736842105262165e-01
1.622617124394184529e+01 7.384868421052630527e-01
1.660420032310178229e+01 7.532894736842105088e-01
1.692407108239095237e+01 7.730263157894736725e-01
1.715670436187399162e+01 7.911184210526315264e-01
1.753473344103392861e+01 8.075657894736841813e-01
1.770920840064620450e+01 8.190789473684210176e-01
1.785460420032310225e+01 8.322368421052631637e-01
1.788368336025848393e+01 8.404605263157894912e-01
1.791276252019386206e+01 8.470394736842105088e-01
