-1.777773298631131829e-02 6.743421052631577706e-02
2.086162544312042053e-02 9.703425229741019509e-02
4.964462170667240937e-01 6.407424812030075578e-02
-1.795913842494714641e-02 5.756578947368420907e-02
4.964462170667240937e-01 6.407424812030075578e-02
2.020554244005431599e+00 8.031276106934000236e-02
2.020765883683839803e+00 9.182591896407689414e-02
2.496743520424489660e+00 8.024749373433581745e-02
2.020312370087250287e+00 6.715486633249789783e-02
1.506239591233078601e+00 7.873851294903924658e-02
5.012413674946647468e+00 1.555607769423558995e-01
5.012716017344374109e+00 1.720081453634085544e-01
5.507680756662238331e+00 1.571376357560567982e-01
5.012111332548920828e+00 1.391134085213032445e-01
4.517207061710601934e+00 1.572733918128654540e-01
8.026858082998025168e+00 4.232403926482873890e-01
8.047387131803647620e+00 5.038298872180450028e-01
8.522125164713616030e+00 4.248172514619882878e-01
8.025497542208254842e+00 3.492272347535504973e-01
7.531681704001752742e+00 4.265977443609021980e-01
1.203706717796125325e+01 9.786131996658309351e-01
1.203891146658738265e+01 1.078942147034252397e+00
1.255132136225406114e+01 9.768979741019214735e-01
1.207334826568841812e+01 8.799237677527150803e-01
1.152275252518889737e+01 9.770389515455304430e-01
