4.120378370243195365e-02 5.819222513713340206e-02
2.617042268437748120e-01 6.521451095741581661e-02
5.222044470209200595e-01 6.870357120774484017e-02
6.425716690542405685e-01 7.750424723157056661e-02
8.431056683073105962e-01 8.805681426716482907e-02
1.103739667002970437e+00 9.860054823883424024e-02
1.304206776996783113e+00 1.056257784137584199e-01
1.564773886433185712e+00 1.126421755247576373e-01
1.845474662906003704e+00 1.249466335721205468e-01
2.066041995306603596e+00 1.354962562530731551e-01
2.366742660297321166e+00 1.460341015154593691e-01
2.607309881215822411e+00 1.548171114114353930e-01
2.948177546390487791e+00 1.706400732555435340e-01
3.128778546384913373e+00 1.864865899367847968e-01
3.449612878412049000e+00 2.023124961355345919e-01
3.630180433776846183e+00 2.163953443864407022e-01
3.910881210249664175e+00 2.286998024338036117e-01
4.211682209129270049e+00 2.445286529871950609e-01
4.392182875234809991e+00 2.550841643774309775e-01
4.692950429484786135e+00 2.691493465004872743e-01
4.853518096331678855e+00 2.849988075363701912e-01
5.094219095768695027e+00 3.008364911536864916e-01
5.214686651690902508e+00 3.149281724685175643e-01
5.455387651127918680e+00 3.307658560858339758e-01
5.635955206492716307e+00 3.448487043367400862e-01
5.756255539266780907e+00 3.501220434998955078e-01
5.956889872408736686e+00 3.659656158264951165e-01
6.237724427400069160e+00 3.853247475951984136e-01
6.438425649801282624e+00 4.046956567824682161e-01
6.659126760720397442e+00 4.222999531847613230e-01
7.040161426079007079e+00 4.434080316105915021e-01
7.341062758847500369e+00 4.645278874549882975e-01
7.661997424763520748e+00 4.856447989447433278e-01
7.962932202161639772e+00 5.085283232194751646e-01
8.163599979933223949e+00 5.261355639764099257e-01
8.404334423999864967e+00 5.437369160240613786e-01
8.625035534918978897e+00 5.613412124263543745e-01
8.785603201765875170e+00 5.771906734622374024e-01
9.006203978796104792e+00 5.895039645735251632e-01
9.206972090456574165e+00 6.124022106214650485e-01
9.487773200818280017e+00 6.299976739598333042e-01
9.748641311921339536e+00 6.528870869438483382e-01
9.989442645247239128e+00 6.740157758521699849e-01
1.021011031153672555e+01 6.898564038241280505e-01
1.033054442282930374e+01 7.021844167086239707e-01
1.055114519985953336e+01 7.144977078199113985e-01
1.081187953244407929e+01 7.303324470825861559e-01
1.097244719929097556e+01 7.461819081184690727e-01
1.123314808724589220e+01 7.602529789508086777e-01
1.153401597538475443e+01 7.796091663648702097e-01
1.171455008611992099e+01 7.919283461854413897e-01
1.201538452962915393e+01 8.095208651691679913e-01
1.227625264073221345e+01 8.324102781531830253e-01
1.241665319591306549e+01 8.412080098223672087e-01
1.263712019442477974e+01 8.464666272123145818e-01
1.285765408219575079e+01 8.552525814629321488e-01
1.293795463793401268e+01 8.640591461960411834e-01
1.303822163756054842e+01 8.693354297138382591e-01
