0.000000000000000000e+00 9.413854351687389599e-02
5.000000000000005829e-02 9.413854351687389599e-02
1.375000000000001499e-01 9.946714031971581882e-02
2.500000000000002776e-01 1.101243339253996645e-01
3.125000000000003331e-01 1.136767317939608724e-01
3.499999999999993672e-01 1.136767317939608724e-01
4.499999999999994560e-01 1.190053285968027952e-01
5.249999999999994671e-01 1.225577264653641141e-01
5.999999999999995337e-01 1.261101243339254330e-01
6.874999999999996669e-01 1.332149200710479597e-01
7.874999999999997558e-01 1.367673179396092786e-01
8.874999999999998446e-01 1.438721136767318054e-01
1.050000000000000266e+00 1.545293072824156511e-01
1.200000000000000400e+00 1.634103019538188928e-01
1.325000000000000400e+00 1.722912966252220235e-01
1.474999999999999645e+00 1.811722912966252652e-01
1.637499999999999734e+00 1.900532859680283959e-01
1.812500000000000000e+00 2.078152753108347683e-01
1.925000000000000044e+00 2.202486678507993290e-01
2.049999999999999822e+00 2.291296625222024597e-01
2.212500000000000355e+00 2.451154529307282282e-01
2.400000000000000355e+00 2.628774422735347116e-01
2.524999999999999467e+00 2.753108348134991612e-01
2.675000000000000711e+00 2.824156305506216880e-01
2.737500000000000711e+00 2.966252220248668525e-01
2.850000000000000977e+00 3.090586145648313021e-01
3.062499999999999112e+00 3.285968028419182785e-01
3.224999999999999201e+00 3.410301953818827281e-01
3.362499999999999378e+00 3.658969804618117383e-01
3.512499999999999734e+00 3.801065719360567918e-01
3.649999999999999911e+00 3.996447602131438792e-01
3.787500000000000089e+00 4.191829484902309666e-01
3.887500000000000178e+00 4.333925399644760201e-01
3.987499999999999822e+00 4.440497335701598658e-01
4.087500000000000355e+00 4.564831261101243154e-01
4.187500000000000000e+00 4.671403197158081610e-01
4.400000000000000355e+00 5.044404973357015098e-01
4.650000000000001243e+00 5.222024866785078823e-01
4.812500000000000888e+00 5.381882770870337618e-01
4.962500000000001243e+00 5.719360568383659027e-01
5.100000000000001421e+00 5.950266429840143090e-01
5.312499999999999112e+00 6.127886323268206814e-01
5.487499999999999822e+00 6.394316163410302956e-01
5.612499999999999822e+00 6.554174067495560640e-01
5.787499999999999645e+00 6.909413854351688089e-01
5.912500000000000533e+00 7.140319715808168821e-01
6.050000000000000711e+00 7.353463587921845734e-01
6.200000000000000178e+00 7.513321492007103419e-01
6.312500000000000888e+00 7.637655417406747915e-01
6.375000000000000888e+00 7.744227353463586372e-01
6.487500000000000711e+00 8.010657193605682513e-01
6.625000000000000888e+00 8.294849023090584694e-01
6.812500000000000888e+00 8.525754884547068757e-01
6.975000000000001421e+00 8.756660746003551710e-01
7.062500000000001776e+00 8.863232682060390166e-01
7.225000000000001421e+00 9.005328596802840702e-01
7.337499999999999467e+00 9.147424511545292347e-01
7.450000000000000178e+00 9.360568383658969260e-01
7.524999999999999467e+00 9.520426287744226945e-01
7.625000000000000000e+00 9.680284191829484630e-01
7.787500000000000533e+00 9.875666074600355504e-01
7.850000000000000533e+00 1.001776198934280604e+00
7.950000000000000178e+00 1.010657193605683846e+00
8.037500000000001421e+00 1.023090586145648295e+00
