1.137117407372247035e-03 5.819811384641659924e-02
8.130389462712026005e-02 5.995000485818524627e-02
1.414373386993384440e-01 6.170484022459543638e-02
3.218376709159929683e-01 6.696934632382611774e-02
4.220712259128994170e-01 7.048196141128815206e-02
5.823378910931366059e-01 7.045840657415514130e-02
7.427048901622612664e-01 7.572585702802736574e-02
1.063338554411624504e+00 8.096975264476657941e-02
1.223705553480749053e+00 8.623720309863880384e-02
1.404105885697403799e+00 9.150170919786948520e-02
1.544406106989369976e+00 9.500843557604821132e-02
1.724973662354167603e+00 1.090912838269544327e-01
2.005707883456613772e+00 1.231594103046523836e-01
2.166007993266481524e+00 1.248995238978545252e-01
2.446641880480040498e+00 1.336766450845471299e-01
2.747442879359645929e+00 1.495054956379386901e-01
3.028143655832464365e+00 1.618099536853015996e-01
3.328844320823183711e+00 1.723477989476877026e-01
3.629678764332417096e+00 1.899403179314143042e-01
3.810279764326842677e+00 2.057868346126554560e-01
4.070880318392872788e+00 2.145669001539898257e-01
4.391681205790381348e+00 2.286291379224045794e-01
4.592282094302708728e+00 2.427090418186690357e-01
4.812916315962564973e+00 2.567860013602918379e-01
4.933350427255141391e+00 2.691140142447878691e-01
5.194084759839686427e+00 2.849487535074625155e-01
5.374551981315599747e+00 2.937405964673633907e-01
5.535119648162495132e+00 3.095900575032461965e-01
5.715687203527292759e+00 3.236729057541523069e-01
5.876187981114931347e+00 3.359950299293650300e-01
6.117022759070461113e+00 3.588873872680217181e-01
6.457990758134013021e+00 3.800013544031352053e-01
6.738758423866087810e+00 3.958331493111681976e-01
6.959593313303716222e+00 4.204921194348018032e-01
7.140227757927770647e+00 4.381023045463781074e-01
7.340862091069728201e+00 4.539458768729777161e-01
7.541496424211683980e+00 4.697894491995773247e-01
7.722063979576481607e+00 4.838722974504832131e-01
7.882631646423376992e+00 4.997217584863662410e-01
8.003065757715956963e+00 5.120497713708621612e-01
8.143499757526436511e+00 5.226111714703813860e-01
8.243933980301111575e+00 5.367057971398540017e-01
8.464635091220225505e+00 5.543100935421469977e-01
8.605169424919592913e+00 5.701624989326715687e-01
8.785736980284390540e+00 5.842453471835777901e-01
9.026504868980662621e+00 6.036103676615642843e-01
9.167139536568914338e+00 6.247537783430940905e-01
9.387807202858400757e+00 6.405944063150519341e-01
9.668675202479361630e+00 6.617172065140903836e-01
9.929543313582421149e+00 6.846066194981055286e-01
1.015034475839042116e+01 7.075019211914035377e-01
1.033101264764410665e+01 7.268757747333149943e-01
1.065214798133789742e+01 7.585746968050807171e-01
1.083274898133232433e+01 7.744212134863219799e-01
1.099321631429033452e+01 7.849796692311995505e-01
1.125398409150450796e+01 8.025780769242094603e-01
1.137448509205634473e+01 8.184334266693755744e-01
1.153505275890323922e+01 8.342828877052583803e-01
1.195642164759393644e+01 8.694944248644861373e-01
1.219722298091983959e+01 8.906231137728077840e-01
1.247815786980005726e+01 9.152732508325163163e-01
1.269879209145991439e+01 9.293502103741392295e-01
1.293955998015618647e+01 9.487152308521258348e-01
1.307999397996666602e+01 9.592766309516449486e-01
